4.6097622070312500e+03	5.2865153551101685e-01
4.6102114257812500e+03	5.2808475494384766e-01
4.6106606445312500e+03	5.2752047777175903e-01
4.6111098632812500e+03	5.2695864439010620e-01
4.6115590820312500e+03	5.2639901638031006e-01
4.6120083007812500e+03	5.2584153413772583e-01
4.6124580078125000e+03	5.2528595924377441e-01
4.6129072265625000e+03	5.2473223209381104e-01
4.6133569335937500e+03	5.2418011426925659e-01
4.6138061523437500e+03	5.2362948656082153e-01
4.6142558593750000e+03	5.2308028936386108e-01
4.6147055664062500e+03	5.2253216505050659e-01
4.6151552734375000e+03	5.2198511362075806e-01
4.6156049804687500e+03	5.2143883705139160e-01
4.6160546875000000e+03	5.2089327573776245e-01
4.6165043945312500e+03	5.2034813165664673e-01
4.6169541015625000e+03	5.1980340480804443e-01
4.6174038085937500e+03	5.1925873756408691e-01
4.6178540039062500e+03	5.1871407032012939e-01
4.6183037109375000e+03	5.1816916465759277e-01
4.6187539062500000e+03	5.1762396097183228e-01
4.6192036132812500e+03	5.1707810163497925e-01
4.6196538085937500e+03	5.1653146743774414e-01
4.6201040039062500e+03	5.1598399877548218e-01
4.6205541992187500e+03	5.1543545722961426e-01
4.6210043945312500e+03	5.1488560438156128e-01
4.6214545898437500e+03	5.1433426141738892e-01
4.6219047851562500e+03	5.1378136873245239e-01
4.6223554687500000e+03	5.1322662830352783e-01
4.6228056640625000e+03	5.1266998052597046e-01
4.6232563476562500e+03	5.1211112737655640e-01
4.6237065429687500e+03	5.1155000925064087e-01
4.6241572265625000e+03	5.1098638772964478e-01
4.6246079101562500e+03	5.1042020320892334e-01
4.6250581054687500e+03	5.0985115766525269e-01
4.6255087890625000e+03	5.0927919149398804e-01
4.6259594726562500e+03	5.0870412588119507e-01
4.6264106445312500e+03	5.0812584161758423e-01
4.6268613281250000e+03	5.0754404067993164e-01
4.6273120117187500e+03	5.0695878267288208e-01
4.6277626953125000e+03	5.0636970996856689e-01
4.6282138671875000e+03	5.0577688217163086e-01
4.6286645507812500e+03	5.0518012046813965e-01
4.6291157226562500e+03	5.0457918643951416e-01
4.6295668945312500e+03	5.0397408008575439e-01
4.6300180664062500e+03	5.0336462259292603e-01
4.6304692382812500e+03	5.0275069475173950e-01
4.6309204101562500e+03	5.0213217735290527e-01
4.6313715820312500e+03	5.0150895118713379e-01
4.6318227539062500e+03	5.0088101625442505e-01
4.6322739257812500e+03	5.0024807453155518e-01
4.6327255859375000e+03	4.9961024522781372e-01
4.6331767578125000e+03	4.9896728992462158e-01
4.6336284179687500e+03	4.9831920862197876e-01
4.6340795898437500e+03	4.9766588211059570e-01
4.6345312500000000e+03	4.9700722098350525e-01
4.6349829101562500e+03	4.9634322524070740e-01
4.6354345703125000e+03	4.9567374587059021e-01
4.6358862304687500e+03	4.9499884247779846e-01
4.6363378906250000e+03	4.9431836605072021e-01
4.6367895507812500e+03	4.9363222718238831e-01
4.6372412109375000e+03	4.9294051527976990e-01
4.6376933593750000e+03	4.9224311113357544e-01
4.6381450195312500e+03	4.9153998494148254e-01
4.6385971679687500e+03	4.9083119630813599e-01
4.6390488281250000e+03	4.9011659622192383e-01
4.6395009765625000e+03	4.8939624428749084e-01
4.6399531250000000e+03	4.8867020010948181e-01
4.6404052734375000e+03	4.8793828487396240e-01
4.6408574218750000e+03	4.8720070719718933e-01
4.6413095703125000e+03	4.8645731806755066e-01
4.6417617187500000e+03	4.8570820689201355e-01
4.6422138671875000e+03	4.8495337367057800e-01
4.6426665039062500e+03	4.8419278860092163e-01
4.6431186523437500e+03	4.8342654109001160e-01
4.6435712890625000e+03	4.8265469074249268e-01
4.6440234375000000e+03	4.8187720775604248e-01
4.6444760742187500e+03	4.8109424114227295e-01
4.6449287109375000e+03	4.8030576109886169e-01
4.6453813476562500e+03	4.7951179742813110e-01
4.6458339843750000e+03	4.7871249914169312e-01
4.6462866210937500e+03	4.7790780663490295e-01
4.6467392578125000e+03	4.7709789872169495e-01
4.6471918945312500e+03	4.7628286480903625e-01
4.6476450195312500e+03	4.7546264529228210e-01
4.6480976562500000e+03	4.7463750839233398e-01
4.6485507812500000e+03	4.7380733489990234e-01
4.6490034179687500e+03	4.7297236323356628e-01
4.6494565429687500e+03	4.7213268280029297e-01
4.6499096679687500e+03	4.7128832340240479e-01
4.6503627929687500e+03	4.7043940424919128e-01
4.6508159179687500e+03	4.6958610415458679e-01
4.6512690429687500e+03	4.6872842311859131e-01
4.6517221679687500e+03	4.6786659955978394e-01
4.6521752929687500e+03	4.6700069308280945e-01
4.6526289062500000e+03	4.6613067388534546e-01
4.6530820312500000e+03	4.6525695919990540e-01
4.6535351562500000e+03	4.6437945961952209e-01
4.6539887695312500e+03	4.6349838376045227e-01
4.6544423828125000e+03	4.6261382102966309e-01
4.6548959960937500e+03	4.6172598004341125e-01
4.6553496093750000e+03	4.6083489060401917e-01
4.6558027343750000e+03	4.5994079113006592e-01
4.6562568359375000e+03	4.5904380083084106e-01
4.6567104492187500e+03	4.5814397931098938e-01
4.6571640625000000e+03	4.5724159479141235e-01
4.6576176757812500e+03	4.5633670687675476e-01
4.6580717773437500e+03	4.5542952418327332e-01
4.6585253906250000e+03	4.5452019572257996e-01
4.6589794921875000e+03	4.5360878109931946e-01
4.6594335937500000e+03	4.5269554853439331e-01
4.6598872070312500e+03	4.5178061723709106e-01
4.6603413085937500e+03	4.5086410641670227e-01
4.6607954101562500e+03	4.4994619488716125e-01
4.6612495117187500e+03	4.4902703166007996e-01
4.6617036132812500e+03	4.4810679554939270e-01
4.6621582031250000e+03	4.4718563556671143e-01
4.6626123046875000e+03	4.4626370072364807e-01
4.6630668945312500e+03	4.4534116983413696e-01
4.6635209960937500e+03	4.4441816210746765e-01
4.6639755859375000e+03	4.4349485635757446e-01
4.6644296875000000e+03	4.4257140159606934e-01
4.6648842773437500e+03	4.4164803624153137e-01
4.6653388671875000e+03	4.4072479009628296e-01
4.6657934570312500e+03	4.3980187177658081e-01
4.6662480468750000e+03	4.3887948989868164e-01
4.6667026367187500e+03	4.3795770406723022e-01
4.6671572265625000e+03	4.3703669309616089e-01
4.6676123046875000e+03	4.3611666560173035e-01
4.6680668945312500e+03	4.3519774079322815e-01
4.6685219726562500e+03	4.3428006768226624e-01
4.6689765625000000e+03	4.3336373567581177e-01
4.6694316406250000e+03	4.3244898319244385e-01
4.6698867187500000e+03	4.3153592944145203e-01
4.6703417968750000e+03	4.3062469363212585e-01
4.6707968750000000e+03	4.2971545457839966e-01
4.6712519531250000e+03	4.2880830168724060e-01
4.6717070312500000e+03	4.2790338397026062e-01
4.6721621093750000e+03	4.2700088024139404e-01
4.6726176757812500e+03	4.2610085010528564e-01
4.6730727539062500e+03	4.2520344257354736e-01
4.6735278320312500e+03	4.2430886626243591e-01
4.6739833984375000e+03	4.2341718077659607e-01
4.6744389648437500e+03	4.2252844572067261e-01
4.6748945312500000e+03	4.2164289951324463e-01
4.6753496093750000e+03	4.2076060175895691e-01
4.6758051757812500e+03	4.1988164186477661e-01
4.6762607421875000e+03	4.1900613903999329e-01
4.6767167968750000e+03	4.1813609004020691e-01
4.6771723632812500e+03	4.1726803779602051e-01
4.6776279296875000e+03	4.1640371084213257e-01
4.6780839843750000e+03	4.1554328799247742e-01
4.6785395507812500e+03	4.1468685865402222e-01
4.6789956054687500e+03	4.1383454203605652e-01
4.6794511718750000e+03	4.1298633813858032e-01
4.6799072265625000e+03	4.1214242577552795e-01
4.6803632812500000e+03	4.1130277514457703e-01
4.6808193359375000e+03	4.1046756505966187e-01
4.6812753906250000e+03	4.0963682532310486e-01
4.6817314453125000e+03	4.0881064534187317e-01
4.6821879882812500e+03	4.0798908472061157e-01
4.6826440429687500e+03	4.0717217326164246e-01
4.6831000976562500e+03	4.0636005997657776e-01
4.6835566406250000e+03	4.0555268526077271e-01
4.6840126953125000e+03	4.0475013852119446e-01
4.6844692382812500e+03	4.0395253896713257e-01
4.6849257812500000e+03	4.0315982699394226e-01
4.6853823242187500e+03	4.0237209200859070e-01
4.6858388671875000e+03	4.0158936381340027e-01
4.6862954101562500e+03	4.0081167221069336e-01
4.6867519531250000e+03	4.0003913640975952e-01
4.6872084960937500e+03	3.9927163720130920e-01
4.6876655273437500e+03	3.9850926399230957e-01
4.6881220703125000e+03	3.9775204658508301e-01
4.6885791015625000e+03	3.9699995517730713e-01
4.6890356445312500e+03	3.9625304937362671e-01
4.6894926757812500e+03	3.9551132917404175e-01
4.6899497070312500e+03	3.9477479457855225e-01
4.6904067382812500e+03	3.9404341578483582e-01
4.6908637695312500e+03	3.9331725239753723e-01
4.6913208007812500e+03	3.9259624481201172e-01
4.6917778320312500e+03	3.9188039302825928e-01
4.6922348632812500e+03	3.9116972684860229e-01
4.6926918945312500e+03	3.9046418666839600e-01
4.6931494140625000e+03	3.8976380228996277e-01
4.6936064453125000e+03	3.8906845450401306e-01
4.6940639648437500e+03	3.8837823271751404e-01
4.6945214843750000e+03	3.8769304752349854e-01
4.6949785156250000e+03	3.8701289892196655e-01
4.6954360351562500e+03	3.8633775711059570e-01
4.6958935546875000e+03	3.8566753268241882e-01
4.6963510742187500e+03	3.8500228524208069e-01
4.6968090820312500e+03	3.8434186577796936e-01
4.6972666015625000e+03	3.8368639349937439e-01
4.6977241210937500e+03	3.8303562998771667e-01
4.6981821289062500e+03	3.8238960504531860e-01
4.6986396484375000e+03	3.8174840807914734e-01
4.6990976562500000e+03	3.8111180067062378e-01
4.6995551757812500e+03	3.8047978281974792e-01
4.7000131835937500e+03	3.7985235452651978e-01
4.7004711914062500e+03	3.7922945618629456e-01
4.7009291992187500e+03	3.7861093878746033e-01
4.7013872070312500e+03	3.7799689173698425e-01
4.7018452148437500e+03	3.7738719582557678e-01
4.7023037109375000e+03	3.7678173184394836e-01
4.7027617187500000e+03	3.7618052959442139e-01
4.7032197265625000e+03	3.7558346986770630e-01
4.7036782226562500e+03	3.7499055266380310e-01
4.7041367187500000e+03	3.7440162897109985e-01
4.7045947265625000e+03	3.7381675839424133e-01
4.7050532226562500e+03	3.7323576211929321e-01
4.7055117187500000e+03	3.7265861034393311e-01
4.7059702148437500e+03	3.7208533287048340e-01
4.7064287109375000e+03	3.7151578068733215e-01
4.7068872070312500e+03	3.7094992399215698e-01
4.7073461914062500e+03	3.7038767337799072e-01
4.7078046875000000e+03	3.6982896924018860e-01
4.7082631835937500e+03	3.6927378177642822e-01
4.7087221679687500e+03	3.6872205138206482e-01
4.7091811523437500e+03	3.6817371845245361e-01
4.7096396484375000e+03	3.6762872338294983e-01
4.7100986328125000e+03	3.6708709597587585e-01
4.7105576171875000e+03	3.6654859781265259e-01
4.7110166015625000e+03	3.6601328849792480e-01
4.7114755859375000e+03	3.6548113822937012e-01
4.7119345703125000e+03	3.6495208740234375e-01
4.7123940429687500e+03	3.6442610621452332e-01
4.7128530273437500e+03	3.6390301585197449e-01
4.7133120117187500e+03	3.6338293552398682e-01
4.7137714843750000e+03	3.6286577582359314e-01
4.7142309570312500e+03	3.6235150694847107e-01
4.7146899414062500e+03	3.6184003949165344e-01
4.7151494140625000e+03	3.6133140325546265e-01
4.7156088867187500e+03	3.6082550883293152e-01
4.7160683593750000e+03	3.6032241582870483e-01
4.7165278320312500e+03	3.5982203483581543e-01
4.7169873046875000e+03	3.5932433605194092e-01
4.7174472656250000e+03	3.5882934927940369e-01
4.7179067382812500e+03	3.5833707451820374e-01
4.7183662109375000e+03	3.5784733295440674e-01
4.7188261718750000e+03	3.5736033320426941e-01
4.7192861328125000e+03	3.5687598586082458e-01
4.7197456054687500e+03	3.5639426112174988e-01
4.7202055664062500e+03	3.5591512918472290e-01
4.7206655273437500e+03	3.5543867945671082e-01
4.7211254882812500e+03	3.5496488213539124e-01
4.7215854492187500e+03	3.5449379682540894e-01
4.7220454101562500e+03	3.5402536392211914e-01
4.7225058593750000e+03	3.5355964303016663e-01
4.7229658203125000e+03	3.5309663414955139e-01
4.7234262695312500e+03	3.5263639688491821e-01
4.7238862304687500e+03	3.5217896103858948e-01
4.7243466796875000e+03	3.5172432661056519e-01
4.7248071289062500e+03	3.5127255320549011e-01
4.7252670898437500e+03	3.5082370042800903e-01
4.7257275390625000e+03	3.5037782788276672e-01
4.7261879882812500e+03	3.4993493556976318e-01
4.7266484375000000e+03	3.4949514269828796e-01
4.7271093750000000e+03	3.4905844926834106e-01
4.7275698242187500e+03	3.4862497448921204e-01
4.7280302734375000e+03	3.4819477796554565e-01
4.7284912109375000e+03	3.4776788949966431e-01
4.7289516601562500e+03	3.4734445810317993e-01
4.7294125976562500e+03	3.4692445397377014e-01
4.7298735351562500e+03	3.4650811553001404e-01
4.7303344726562500e+03	3.4609541296958923e-01
4.7307954101562500e+03	3.4568655490875244e-01
4.7312563476562500e+03	3.4528329968452454e-01
4.7317172851562500e+03	3.4488239884376526e-01
4.7321782226562500e+03	3.4448558092117310e-01
4.7326391601562500e+03	3.4409296512603760e-01
4.7331005859375000e+03	3.4370470046997070e-01
4.7335615234375000e+03	3.4332087635993958e-01
4.7340229492187500e+03	3.4294170141220093e-01
4.7344843750000000e+03	3.4256723523139954e-01
4.7349453125000000e+03	3.4219762682914734e-01
4.7354067382812500e+03	3.4183299541473389e-01
4.7358681640625000e+03	3.4147351980209351e-01
4.7363295898437500e+03	3.4111934900283813e-01
4.7367910156250000e+03	3.4077066183090210e-01
4.7372529296875000e+03	3.4042760729789734e-01
4.7377143554687500e+03	3.4009033441543579e-01
4.7381757812500000e+03	3.3975902199745178e-01
4.7386376953125000e+03	3.3943378925323486e-01
4.7390991210937500e+03	3.3911487460136414e-01
4.7395610351562500e+03	3.3880251646041870e-01
4.7400229492187500e+03	3.3849677443504333e-01
4.7404848632812500e+03	3.3819791674613953e-01
4.7409467773437500e+03	3.3790612220764160e-01
4.7414086914062500e+03	3.3762156963348389e-01
4.7418706054687500e+03	3.3734449744224548e-01
4.7423325195312500e+03	3.3707505464553833e-01
4.7427949218750000e+03	3.3681350946426392e-01
4.7432568359375000e+03	3.3656013011932373e-01
4.7437192382812500e+03	3.3631497621536255e-01
4.7441811523437500e+03	3.3607843518257141e-01
4.7446435546875000e+03	3.3585065603256226e-01
4.7451059570312500e+03	3.3563184738159180e-01
4.7455683593750000e+03	3.3542227745056152e-01
4.7460307617187500e+03	3.3522221446037292e-01
4.7464931640625000e+03	3.3503180742263794e-01
4.7469555664062500e+03	3.3485141396522522e-01
4.7474179687500000e+03	3.3468127250671387e-01
4.7478803710937500e+03	3.3452153205871582e-01
4.7483432617187500e+03	3.3437258005142212e-01
4.7488056640625000e+03	3.3423459529876709e-01
4.7492685546875000e+03	3.3410778641700745e-01
4.7497314453125000e+03	3.3399263024330139e-01
4.7501943359375000e+03	3.3388924598693848e-01
4.7506567382812500e+03	3.3379784226417542e-01
4.7511196289062500e+03	3.3371889591217041e-01
4.7515830078125000e+03	3.3365255594253540e-01
4.7520458984375000e+03	3.3359909057617188e-01
4.7525087890625000e+03	3.3355891704559326e-01
4.7529716796875000e+03	3.3353218436241150e-01
4.7534350585937500e+03	3.3351927995681763e-01
4.7538979492187500e+03	3.3352041244506836e-01
4.7543613281250000e+03	3.3353602886199951e-01
4.7548247070312500e+03	3.3356630802154541e-01
4.7552880859375000e+03	3.3361154794692993e-01
4.7557514648437500e+03	3.3367216587066650e-01
4.7562148437500000e+03	3.3374834060668945e-01
4.7566782226562500e+03	3.3384051918983459e-01
4.7571416015625000e+03	3.3394891023635864e-01
4.7576049804687500e+03	3.3407396078109741e-01
4.7580688476562500e+03	3.3421587944030762e-01
4.7585322265625000e+03	3.3437499403953552e-01
4.7589960937500000e+03	3.3455169200897217e-01
4.7594594726562500e+03	3.3474627137184143e-01
4.7599233398437500e+03	3.3495908975601196e-01
4.7603872070312500e+03	3.3519038558006287e-01
4.7608510742187500e+03	3.3544063568115234e-01
4.7613149414062500e+03	3.3571010828018188e-01
4.7617788085937500e+03	3.3599916100502014e-01
4.7622426757812500e+03	3.3630809187889099e-01
4.7627065429687500e+03	3.3663731813430786e-01
4.7631708984375000e+03	3.3698710799217224e-01
4.7636347656250000e+03	3.3735784888267517e-01
4.7640991210937500e+03	3.3774989843368530e-01
4.7645634765625000e+03	3.3816355466842651e-01
4.7650273437500000e+03	3.3859920501708984e-01
4.7654916992187500e+03	3.3905723690986633e-01
4.7659560546875000e+03	3.3953797817230225e-01
4.7664204101562500e+03	3.4004172682762146e-01
4.7668847656250000e+03	3.4056890010833740e-01
4.7673496093750000e+03	3.4111979603767395e-01
4.7678139648437500e+03	3.4169486165046692e-01
4.7682783203125000e+03	3.4229436516761780e-01
4.7687431640625000e+03	3.4291866421699524e-01
4.7692080078125000e+03	3.4356826543807983e-01
4.7696723632812500e+03	3.4424331784248352e-01
4.7701372070312500e+03	3.4494432806968689e-01
4.7706020507812500e+03	3.4567150473594666e-01
4.7710668945312500e+03	3.4642535448074341e-01
4.7715317382812500e+03	3.4720611572265625e-01
4.7719965820312500e+03	3.4801426529884338e-01
4.7724614257812500e+03	3.4885001182556152e-01
4.7729267578125000e+03	3.4971386194229126e-01
4.7733916015625000e+03	3.5060605406761169e-01
4.7738569335937500e+03	3.5152694582939148e-01
4.7743217773437500e+03	3.5247698426246643e-01
4.7747871093750000e+03	3.5345631837844849e-01
4.7752524414062500e+03	3.5446551442146301e-01
4.7757177734375000e+03	3.5550475120544434e-01
4.7761831054687500e+03	3.5657453536987305e-01
4.7766484375000000e+03	3.5767501592636108e-01
4.7771137695312500e+03	3.5880663990974426e-01
4.7775791015625000e+03	3.5996964573860168e-01
4.7780449218750000e+03	3.6116456985473633e-01
4.7785102539062500e+03	3.6239147186279297e-01
4.7789760742187500e+03	3.6365082859992981e-01
4.7794414062500000e+03	3.6494296789169312e-01
4.7799072265625000e+03	3.6626812815666199e-01
4.7803730468750000e+03	3.6762663722038269e-01
4.7808388671875000e+03	3.6901885271072388e-01
4.7813046875000000e+03	3.7044504284858704e-01
4.7817705078125000e+03	3.7190550565719604e-01
4.7822363281250000e+03	3.7340050935745239e-01
4.7827026367187500e+03	3.7493032217025757e-01
4.7831684570312500e+03	3.7649533152580261e-01
4.7836347656250000e+03	3.7809562683105469e-01
4.7841005859375000e+03	3.7973344326019287e-01
4.7845668945312500e+03	3.8140571117401123e-01
4.7850332031250000e+03	3.8311421871185303e-01
4.7854990234375000e+03	3.8485914468765259e-01
4.7859653320312500e+03	3.8664084672927856e-01
4.7864316406250000e+03	3.8845956325531006e-01
4.7868984375000000e+03	3.9031541347503662e-01
4.7873647460937500e+03	3.9220881462097168e-01
4.7878310546875000e+03	3.9413985610008240e-01
4.7882978515625000e+03	3.9610877633094788e-01
4.7887641601562500e+03	3.9811581373214722e-01
4.7892309570312500e+03	4.0016114711761475e-01
4.7896972656250000e+03	4.0224504470825195e-01
4.7901640625000000e+03	4.0436765551567078e-01
4.7906308593750000e+03	4.0652915835380554e-01
4.7910976562500000e+03	4.0872973203659058e-01
4.7915644531250000e+03	4.1096961498260498e-01
4.7920312500000000e+03	4.1324901580810547e-01
4.7924980468750000e+03	4.1556802392005920e-01
4.7929653320312500e+03	4.1792684793472290e-01
4.7934321289062500e+03	4.2032566666603088e-01
4.7938994140625000e+03	4.2276468873023987e-01
4.7943662109375000e+03	4.2524397373199463e-01
4.7948334960937500e+03	4.2776384949684143e-01
4.7953007812500000e+03	4.3032434582710266e-01
4.7957680664062500e+03	4.3292573094367981e-01
4.7962353515625000e+03	4.3556815385818481e-01
4.7967026367187500e+03	4.3825185298919678e-01
4.7971699218750000e+03	4.4097691774368286e-01
4.7976372070312500e+03	4.4374364614486694e-01
4.7981049804687500e+03	4.4655221700668335e-01
4.7985722656250000e+03	4.4940289855003357e-01
4.7990400390625000e+03	4.5229589939117432e-01
4.7995078125000000e+03	4.5523148775100708e-01
4.7999750976562500e+03	4.5820993185043335e-01
4.8004428710937500e+03	4.6123161911964417e-01
4.8009106445312500e+03	4.6429675817489624e-01
4.8013784179687500e+03	4.6740582585334778e-01
4.8018461914062500e+03	4.7055909037590027e-01
4.8023139648437500e+03	4.7375708818435669e-01
4.8027822265625000e+03	4.7700014710426331e-01
4.8032500000000000e+03	4.8028889298439026e-01
4.8037182617187500e+03	4.8362380266189575e-01
4.8041860351562500e+03	4.8700541257858276e-01
4.8046542968750000e+03	4.9043440818786621e-01
4.8051225585937500e+03	4.9391141533851624e-01
4.8055908203125000e+03	4.9743723869323730e-01
4.8060585937500000e+03	5.0101256370544434e-01
4.8065273437500000e+03	5.0463831424713135e-01
4.8069956054687500e+03	5.0831538438796997e-01
4.8074638671875000e+03	5.1204466819763184e-01
4.8079321289062500e+03	5.1582729816436768e-01
4.8084008789062500e+03	5.1966416835784912e-01
4.8088691406250000e+03	5.2355664968490601e-01
4.8093378906250000e+03	5.2750587463378906e-01
4.8098066406250000e+03	5.3151303529739380e-01
4.8102749023437500e+03	5.3557962179183960e-01
4.8107436523437500e+03	5.3970688581466675e-01
4.8112124023437500e+03	5.4389637708663940e-01
4.8116811523437500e+03	5.4814964532852173e-01
4.8121503906250000e+03	5.5246812105178833e-01
4.8126191406250000e+03	5.5685359239578247e-01
4.8130878906250000e+03	5.6130754947662354e-01
4.8135571289062500e+03	5.6583178043365479e-01
4.8140258789062500e+03	5.7042795419692993e-01
4.8144951171875000e+03	5.7509773969650269e-01
4.8149643554687500e+03	5.7984304428100586e-01
4.8154331054687500e+03	5.8466541767120361e-01
4.8159023437500000e+03	5.8956670761108398e-01
4.8163715820312500e+03	5.9454846382141113e-01
4.8168408203125000e+03	5.9961241483688354e-01
4.8173105468750000e+03	6.0476016998291016e-01
4.8177797851562500e+03	6.0999321937561035e-01
4.8182490234375000e+03	6.1531299352645874e-01
4.8187187500000000e+03	6.2072062492370605e-01
4.8191879882812500e+03	6.2621742486953735e-01
4.8196577148437500e+03	6.3180434703826904e-01
4.8201274414062500e+03	6.3748240470886230e-01
4.8205971679687500e+03	6.4325207471847534e-01
4.8210668945312500e+03	6.4911556243896484e-01
4.8215366210937500e+03	6.5506982803344727e-01
4.8220063476562500e+03	6.6111618280410767e-01
4.8224760742187500e+03	6.6725456714630127e-01
4.8229458007812500e+03	6.7348432540893555e-01
4.8234160156250000e+03	6.7980426549911499e-01
4.8238857421875000e+03	6.8621331453323364e-01
4.8243559570312500e+03	6.9270980358123779e-01
4.8248261718750000e+03	6.9929152727127075e-01
4.8252963867187500e+03	7.0595633983612061e-01
4.8257661132812500e+03	7.1270108222961426e-01
4.8262363281250000e+03	7.1952271461486816e-01
4.8267065429687500e+03	7.2641748189926147e-01
4.8271772460937500e+03	7.3338121175765991e-01
4.8276474609375000e+03	7.4040925502777100e-01
4.8281176757812500e+03	7.4749660491943359e-01
4.8285883789062500e+03	7.5463795661926270e-01
4.8290585937500000e+03	7.6182693243026733e-01
4.8295292968750000e+03	7.6905733346939087e-01
4.8300000000000000e+03	7.7632236480712891e-01
4.8304707031250000e+03	7.8361463546752930e-01
4.8309409179687500e+03	7.9092639684677124e-01
4.8314116210937500e+03	7.9824960231781006e-01
4.8318828125000000e+03	8.0557578802108765e-01
4.8323535156250000e+03	8.1289601325988770e-01
4.8328242187500000e+03	8.2020121812820435e-01
4.8332949218750000e+03	8.2748180627822876e-01
4.8337661132812500e+03	8.3472812175750732e-01
4.8342373046875000e+03	8.4193015098571777e-01
4.8347080078125000e+03	8.4907776117324829e-01
4.8351791992187500e+03	8.5616070032119751e-01
4.8356503906250000e+03	8.6316859722137451e-01
4.8361215820312500e+03	8.7009090185165405e-01
4.8365927734375000e+03	8.7691742181777954e-01
4.8370639648437500e+03	8.8363742828369141e-01
4.8375351562500000e+03	8.9024096727371216e-01
4.8380068359375000e+03	8.9671760797500610e-01
4.8384780273437500e+03	9.0305769443511963e-01
4.8389497070312500e+03	9.0925127267837524e-01
4.8394208984375000e+03	9.1528898477554321e-01
4.8398925781250000e+03	9.2116194963455200e-01
4.8403642578125000e+03	9.2686140537261963e-01
4.8408359375000000e+03	9.3237930536270142e-01
4.8413076171875000e+03	9.3770760297775269e-01
4.8417792968750000e+03	9.4283944368362427e-01
4.8422509765625000e+03	9.4776815176010132e-01
4.8427226562500000e+03	9.5248758792877197e-01
4.8431948242187500e+03	9.5699256658554077e-01
4.8436665039062500e+03	9.6127820014953613e-01
4.8441386718750000e+03	9.6534079313278198e-01
4.8446103515625000e+03	9.6917665004730225e-01
4.8450825195312500e+03	9.7278344631195068e-01
4.8455546875000000e+03	9.7615921497344971e-01
4.8460268554687500e+03	9.7930300235748291e-01
4.8464990234375000e+03	9.8221421241760254e-01
4.8469711914062500e+03	9.8489332199096680e-01
4.8474433593750000e+03	9.8734146356582642e-01
4.8479155273437500e+03	9.8956030607223511e-01
4.8483881835937500e+03	9.9155241250991821e-01
4.8488603515625000e+03	9.9332094192504883e-01
4.8493330078125000e+03	9.9486976861953735e-01
4.8498056640625000e+03	9.9620497226715088e-01
4.8502778320312500e+03	9.9732822179794312e-01
4.8507504882812500e+03	9.9824655055999756e-01
4.8512231445312500e+03	9.9896633625030518e-01
4.8516958007812500e+03	9.9949365854263306e-01
4.8521689453125000e+03	9.9983590841293335e-01
4.8526416015625000e+03	1.0000000000000000e+00
4.8531142578125000e+03	9.9999368190765381e-01
4.8535874023437500e+03	9.9982470273971558e-01
4.8540600585937500e+03	9.9950158596038818e-01
4.8545332031250000e+03	9.9903208017349243e-01
4.8550058593750000e+03	9.9842500686645508e-01
4.8554790039062500e+03	9.9768841266632080e-01
4.8559521484375000e+03	9.9683117866516113e-01
4.8564252929687500e+03	9.9586153030395508e-01
4.8568984375000000e+03	9.9478805065155029e-01
4.8573720703125000e+03	9.9361884593963623e-01
4.8578452148437500e+03	9.9236226081848145e-01
4.8583183593750000e+03	9.9102592468261719e-01
4.8587919921875000e+03	9.8961776494979858e-01
4.8592651367187500e+03	9.8814511299133301e-01
4.8597387695312500e+03	9.8661530017852783e-01
4.8602124023437500e+03	9.8503500223159790e-01
4.8606860351562500e+03	9.8341083526611328e-01
4.8611596679687500e+03	9.8174893856048584e-01
4.8616333007812500e+03	9.8005485534667969e-01
4.8621069335937500e+03	9.7833412885665894e-01
4.8625805664062500e+03	9.7659170627593994e-01
4.8630541992187500e+03	9.7483223676681519e-01
4.8635283203125000e+03	9.7305965423583984e-01
4.8640019531250000e+03	9.7127783298492432e-01
4.8644760742187500e+03	9.6948999166488647e-01
4.8649501953125000e+03	9.6769911050796509e-01
4.8654238281250000e+03	9.6590775251388550e-01
4.8658979492187500e+03	9.6411782503128052e-01
4.8663720703125000e+03	9.6233117580413818e-01
4.8668461914062500e+03	9.6054923534393311e-01
4.8673208007812500e+03	9.5877313613891602e-01
4.8677949218750000e+03	9.5700323581695557e-01
4.8682690429687500e+03	9.5524007081985474e-01
4.8687436523437500e+03	9.5348393917083740e-01
4.8692177734375000e+03	9.5173442363739014e-01
4.8696923828125000e+03	9.4999110698699951e-01
4.8701669921875000e+03	9.4825345277786255e-01
4.8706416015625000e+03	9.4652032852172852e-01
4.8711157226562500e+03	9.4479089975357056e-01
4.8715908203125000e+03	9.4306379556655884e-01
4.8720654296875000e+03	9.4133782386779785e-01
4.8725400390625000e+03	9.3961119651794434e-01
4.8730146484375000e+03	9.3788093328475952e-01
4.8734897460937500e+03	9.3614858388900757e-01
4.8739643554687500e+03	9.3441069126129150e-01
4.8744394531250000e+03	9.3266546726226807e-01
4.8749140625000000e+03	9.3091106414794922e-01
4.8753891601562500e+03	9.2914563417434692e-01
4.8758642578125000e+03	9.2736726999282837e-01
4.8763393554687500e+03	9.2557424306869507e-01
4.8768144531250000e+03	9.2376470565795898e-01
4.8772895507812500e+03	9.2193681001663208e-01
4.8777651367187500e+03	9.2008894681930542e-01
4.8782402343750000e+03	9.1821944713592529e-01
4.8787153320312500e+03	9.1632670164108276e-01
4.8791909179687500e+03	9.1440922021865845e-01
4.8796665039062500e+03	9.1246545314788818e-01
4.8801416015625000e+03	9.1049420833587646e-01
4.8806171875000000e+03	9.0849417448043823e-01
4.8810927734375000e+03	9.0646421909332275e-01
4.8815683593750000e+03	9.0440309047698975e-01
4.8820439453125000e+03	9.0231001377105713e-01
4.8825200195312500e+03	9.0018403530120850e-01
4.8829956054687500e+03	8.9802438020706177e-01
4.8834711914062500e+03	8.9583045244216919e-01
4.8839472656250000e+03	8.9360153675079346e-01
4.8844228515625000e+03	8.9133727550506592e-01
4.8848989257812500e+03	8.8903719186782837e-01
4.8853750000000000e+03	8.8670098781585693e-01
4.8858510742187500e+03	8.8432854413986206e-01
4.8863271484375000e+03	8.8191962242126465e-01
4.8868032226562500e+03	8.7947422266006470e-01
4.8872792968750000e+03	8.7699234485626221e-01
4.8877553710937500e+03	8.7447422742843628e-01
4.8882319335937500e+03	8.7191987037658691e-01
4.8887080078125000e+03	8.6932963132858276e-01
4.8891845703125000e+03	8.6670398712158203e-01
4.8896606445312500e+03	8.6404299736022949e-01
4.8901372070312500e+03	8.6134731769561768e-01
4.8906137695312500e+03	8.5861730575561523e-01
4.8910903320312500e+03	8.5585367679595947e-01
4.8915668945312500e+03	8.5305684804916382e-01
4.8920434570312500e+03	8.5022753477096558e-01
4.8925200195312500e+03	8.4736627340316772e-01
4.8929965820312500e+03	8.4447407722473145e-01
4.8934736328125000e+03	8.4155130386352539e-01
4.8939501953125000e+03	8.3859902620315552e-01
4.8944272460937500e+03	8.3561789989471436e-01
4.8949042968750000e+03	8.3260881900787354e-01
4.8953808593750000e+03	8.2957243919372559e-01
4.8958579101562500e+03	8.2650989294052124e-01
4.8963349609375000e+03	8.2342183589935303e-01
4.8968120117187500e+03	8.2030922174453735e-01
4.8972890625000000e+03	8.1717312335968018e-01
4.8977666015625000e+03	8.1401413679122925e-01
4.8982436523437500e+03	8.1083345413208008e-01
4.8987211914062500e+03	8.0763190984725952e-01
4.8991982421875000e+03	8.0441045761108398e-01
4.8996757812500000e+03	8.0116999149322510e-01
4.9001528320312500e+03	7.9791140556335449e-01
4.9006303710937500e+03	7.9463589191436768e-01
4.9011079101562500e+03	7.9134410619735718e-01
4.9015854492187500e+03	7.8803706169128418e-01
4.9020629882812500e+03	7.8471577167510986e-01
4.9025410156250000e+03	7.8138124942779541e-01
4.9030185546875000e+03	7.7803421020507812e-01
4.9034960937500000e+03	7.7467566728591919e-01
4.9039741210937500e+03	7.7130657434463501e-01
4.9044516601562500e+03	7.6792788505554199e-01
4.9049296875000000e+03	7.6454025506973267e-01
4.9054077148437500e+03	7.6114499568939209e-01
4.9058857421875000e+03	7.5774276256561279e-01
4.9063637695312500e+03	7.5433439016342163e-01
4.9068417968750000e+03	7.5092083215713501e-01
4.9073198242187500e+03	7.4750292301177979e-01
4.9077978515625000e+03	7.4408012628555298e-01
4.9082763671875000e+03	7.4065631628036499e-01
4.9087543945312500e+03	7.3723065853118896e-01
4.9092329101562500e+03	7.3380410671234131e-01
4.9097109375000000e+03	7.3037737607955933e-01
4.9101894531250000e+03	7.2695130109786987e-01
4.9106679687500000e+03	7.2352653741836548e-01
4.9111464843750000e+03	7.2010415792465210e-01
4.9116250000000000e+03	7.1668463945388794e-01
4.9121035156250000e+03	7.1326887607574463e-01
4.9125820312500000e+03	7.0985770225524902e-01
4.9130605468750000e+03	7.0645165443420410e-01
4.9135395507812500e+03	7.0305168628692627e-01
4.9140180664062500e+03	6.9965839385986328e-01
4.9144970703125000e+03	6.9627267122268677e-01
4.9149760742187500e+03	6.9289487600326538e-01
4.9154545898437500e+03	6.8952590227127075e-01
4.9159335937500000e+03	6.8616646528244019e-01
4.9164125976562500e+03	6.8281704187393188e-01
4.9168916015625000e+03	6.7947846651077271e-01
4.9173710937500000e+03	6.7615133523941040e-01
4.9178500976562500e+03	6.7283630371093750e-01
4.9183291015625000e+03	6.6953390836715698e-01
4.9188085937500000e+03	6.6624480485916138e-01
4.9192875976562500e+03	6.6296958923339844e-01
4.9197670898437500e+03	6.5970885753631592e-01
4.9202465820312500e+03	6.5646314620971680e-01
4.9207255859375000e+03	6.5323317050933838e-01
4.9212050781250000e+03	6.5001922845840454e-01
4.9216845703125000e+03	6.4682227373123169e-01
4.9221645507812500e+03	6.4364236593246460e-01
4.9226440429687500e+03	6.4048045873641968e-01
4.9231235351562500e+03	6.3733679056167603e-01
4.9236030273437500e+03	6.3421201705932617e-01
4.9240830078125000e+03	6.3110643625259399e-01
4.9245629882812500e+03	6.2802082300186157e-01
4.9250424804687500e+03	6.2495553493499756e-01
4.9255224609375000e+03	6.2191110849380493e-01
4.9260024414062500e+03	6.1888784170150757e-01
4.9264824218750000e+03	6.1588639020919800e-01
4.9269624023437500e+03	6.1290705204010010e-01
4.9274423828125000e+03	6.0995036363601685e-01
4.9279228515625000e+03	6.0701674222946167e-01
4.9284028320312500e+03	6.0410648584365845e-01
4.9288828125000000e+03	6.0122030973434448e-01
4.9293632812500000e+03	5.9835821390151978e-01
4.9298437500000000e+03	5.9552091360092163e-01
4.9303237304687500e+03	5.9270870685577393e-01
4.9308041992187500e+03	5.8992201089859009e-01
4.9312846679687500e+03	5.8716100454330444e-01
4.9317651367187500e+03	5.8442640304565430e-01
4.9322456054687500e+03	5.8171820640563965e-01
4.9327265625000000e+03	5.7903707027435303e-01
4.9332070312500000e+03	5.7638305425643921e-01
4.9336875000000000e+03	5.7375669479370117e-01
4.9341684570312500e+03	5.7115828990936279e-01
4.9346494140625000e+03	5.6858807802200317e-01
4.9351298828125000e+03	5.6604647636413574e-01
4.9356108398437500e+03	5.6353366374969482e-01
4.9360917968750000e+03	5.6104999780654907e-01
4.9365727539062500e+03	5.5859583616256714e-01
4.9370537109375000e+03	5.5617141723632812e-01
4.9375346679687500e+03	5.5377691984176636e-01
4.9380161132812500e+03	5.5141276121139526e-01
4.9384970703125000e+03	5.4907912015914917e-01
4.9389780273437500e+03	5.4677623510360718e-01
4.9394594726562500e+03	5.4450428485870361e-01
4.9399409179687500e+03	5.4226368665695190e-01
4.9404218750000000e+03	5.4005444049835205e-01
4.9409033203125000e+03	5.3787702322006226e-01
4.9413847656250000e+03	5.3573137521743774e-01
4.9418662109375000e+03	5.3361785411834717e-01
4.9423476562500000e+03	5.3153669834136963e-01
4.9428295898437500e+03	5.2948790788650513e-01
4.9433110351562500e+03	5.2747178077697754e-01
4.9437929687500000e+03	5.2548849582672119e-01
4.9442744140625000e+03	5.2353811264038086e-01
4.9447563476562500e+03	5.2162086963653564e-01
4.9452377929687500e+03	5.1973688602447510e-01
4.9457197265625000e+03	5.1788628101348877e-01
4.9462016601562500e+03	5.1606923341751099e-01
4.9466835937500000e+03	5.1428574323654175e-01
4.9471655273437500e+03	5.1253604888916016e-01
4.9476479492187500e+03	5.1082003116607666e-01
4.9481298828125000e+03	5.0913798809051514e-01
4.9486118164062500e+03	5.0748980045318604e-01
4.9490942382812500e+03	5.0587582588195801e-01
4.9495761718750000e+03	5.0429576635360718e-01
4.9500585937500000e+03	5.0274997949600220e-01
4.9505410156250000e+03	5.0123828649520874e-01
4.9510234375000000e+03	4.9976068735122681e-01
4.9515058593750000e+03	4.9831739068031311e-01
4.9519882812500000e+03	4.9690821766853333e-01
4.9524707031250000e+03	4.9553328752517700e-01
4.9529531250000000e+03	4.9419248104095459e-01
4.9534360351562500e+03	4.9288579821586609e-01
4.9539184570312500e+03	4.9161320924758911e-01
4.9544013671875000e+03	4.9037465453147888e-01
4.9548837890625000e+03	4.8917010426521301e-01
4.9553666992187500e+03	4.8799943923950195e-01
4.9558496093750000e+03	4.8686248064041138e-01
4.9563325195312500e+03	4.8575937747955322e-01
4.9568154296875000e+03	4.8468974232673645e-01
4.9572983398437500e+03	4.8365369439125061e-01
4.9577812500000000e+03	4.8265096545219421e-01
4.9582646484375000e+03	4.8168140649795532e-01
4.9587475585937500e+03	4.8074483871459961e-01
4.9592309570312500e+03	4.7984114289283752e-01
4.9597138671875000e+03	4.7897017002105713e-01
4.9601972656250000e+03	4.7813165187835693e-01
4.9606806640625000e+03	4.7732543945312500e-01
4.9611640625000000e+03	4.7655126452445984e-01
4.9616474609375000e+03	4.7580894827842712e-01
4.9621308593750000e+03	4.7509825229644775e-01
4.9626142578125000e+03	4.7441881895065308e-01
4.9630976562500000e+03	4.7377049922943115e-01
4.9635815429687500e+03	4.7315290570259094e-01
4.9640649414062500e+03	4.7256582975387573e-01
4.9645488281250000e+03	4.7200891375541687e-01
4.9650322265625000e+03	4.7148194909095764e-01
4.9655161132812500e+03	4.7098448872566223e-01
4.9660000000000000e+03	4.7051620483398438e-01
4.9664838867187500e+03	4.7007679939270020e-01
4.9669677734375000e+03	4.6966588497161865e-01
4.9674516601562500e+03	4.6928304433822632e-01
4.9679360351562500e+03	4.6892797946929932e-01
4.9684199218750000e+03	4.6860015392303467e-01
4.9689038085937500e+03	4.6829932928085327e-01
4.9693881835937500e+03	4.6802493929862976e-01
4.9698725585937500e+03	4.6777659654617310e-01
4.9703564453125000e+03	4.6755385398864746e-01
4.9708408203125000e+03	4.6735629439353943e-01
4.9713251953125000e+03	4.6718341112136841e-01
4.9718095703125000e+03	4.6703469753265381e-01
4.9722939453125000e+03	4.6690973639488220e-01
4.9727783203125000e+03	4.6680796146392822e-01
4.9732631835937500e+03	4.6672886610031128e-01
4.9737475585937500e+03	4.6667206287384033e-01
4.9742324218750000e+03	4.6663683652877808e-01
4.9747167968750000e+03	4.6662271022796631e-01
4.9752016601562500e+03	4.6662923693656921e-01
4.9756865234375000e+03	4.6665567159652710e-01
4.9761713867187500e+03	4.6670171618461609e-01
4.9766562500000000e+03	4.6676650643348694e-01
4.9771411132812500e+03	4.6684962511062622e-01
4.9776259765625000e+03	4.6695044636726379e-01
4.9781108398437500e+03	4.6706837415695190e-01
4.9785961914062500e+03	4.6720281243324280e-01
4.9790810546875000e+03	4.6735313534736633e-01
4.9795664062500000e+03	4.6751868724822998e-01
4.9800512695312500e+03	4.6769896149635315e-01
4.9805366210937500e+03	4.6789321303367615e-01
4.9810219726562500e+03	4.6810081601142883e-01
4.9815073242187500e+03	4.6832114458084106e-01
4.9819926757812500e+03	4.6855360269546509e-01
4.9824780273437500e+03	4.6879747509956360e-01
4.9829638671875000e+03	4.6905210614204407e-01
4.9834492187500000e+03	4.6931684017181396e-01
4.9839345703125000e+03	4.6959102153778076e-01
4.9844204101562500e+03	4.6987399458885193e-01
4.9849062500000000e+03	4.7016513347625732e-01
4.9853916015625000e+03	4.7046369314193726e-01
4.9858774414062500e+03	4.7076898813247681e-01
4.9863632812500000e+03	4.7108036279678345e-01
4.9868491210937500e+03	4.7139716148376465e-01
4.9873349609375000e+03	4.7171872854232788e-01
4.9878212890625000e+03	4.7204431891441345e-01
4.9883071289062500e+03	4.7237333655357361e-01
4.9887929687500000e+03	4.7270497679710388e-01
4.9892792968750000e+03	4.7303867340087891e-01
4.9897651367187500e+03	4.7337368130683899e-01
4.9902514648437500e+03	4.7370946407318115e-01
4.9907377929687500e+03	4.7404518723487854e-01
4.9912241210937500e+03	4.7438022494316101e-01
4.9917104492187500e+03	4.7471398115158081e-01
4.9921967773437500e+03	4.7504574060440063e-01
4.9926831054687500e+03	4.7537481784820557e-01
4.9931694335937500e+03	4.7570061683654785e-01
4.9936562500000000e+03	4.7602248191833496e-01
4.9941425781250000e+03	4.7633972764015198e-01
4.9946293945312500e+03	4.7665175795555115e-01
4.9951162109375000e+03	4.7695788741111755e-01
4.9956025390625000e+03	4.7725751996040344e-01
4.9960893554687500e+03	4.7755011916160583e-01
4.9965761718750000e+03	4.7783496975898743e-01
4.9970629882812500e+03	4.7811147570610046e-01
4.9975502929687500e+03	4.7837907075881958e-01
4.9980371093750000e+03	4.7863724827766418e-01
4.9985239257812500e+03	4.7888523340225220e-01
4.9990112304687500e+03	4.7912263870239258e-01
4.9994980468750000e+03	4.7934883832931519e-01
4.9999853515625000e+03	4.7956320643424988e-01
5.0004726562500000e+03	4.7976535558700562e-01
5.0009594726562500e+03	4.7995468974113464e-01
5.0014467773437500e+03	4.8013064265251160e-01
5.0019340820312500e+03	4.8029279708862305e-01
5.0024218750000000e+03	4.8044058680534363e-01
5.0029091796875000e+03	4.8057356476783752e-01
5.0033964843750000e+03	4.8069122433662415e-01
5.0038842773437500e+03	4.8079323768615723e-01
5.0043715820312500e+03	4.8087900876998901e-01
5.0048593750000000e+03	4.8094812035560608e-01
5.0053466796875000e+03	4.8100030422210693e-01
5.0058344726562500e+03	4.8103502392768860e-01
5.0063222656250000e+03	4.8105192184448242e-01
5.0068100585937500e+03	4.8105058073997498e-01
5.0072978515625000e+03	4.8103073239326477e-01
5.0077861328125000e+03	4.8099195957183838e-01
5.0082739257812500e+03	4.8093399405479431e-01
5.0087617187500000e+03	4.8085638880729675e-01
5.0092500000000000e+03	4.8075902462005615e-01
5.0097377929687500e+03	4.8064151406288147e-01
5.0102260742187500e+03	4.8050358891487122e-01
5.0107143554687500e+03	4.8034507036209106e-01
5.0112026367187500e+03	4.8016560077667236e-01
5.0116909179687500e+03	4.7996500134468079e-01
5.0121791992187500e+03	4.7974312305450439e-01
5.0126674804687500e+03	4.7949972748756409e-01
5.0131557617187500e+03	4.7923463582992554e-01
5.0136445312500000e+03	4.7894772887229919e-01
5.0141328125000000e+03	4.7863882780075073e-01
5.0146215820312500e+03	4.7830778360366821e-01
5.0151098632812500e+03	4.7795453667640686e-01
5.0155986328125000e+03	4.7757902741432190e-01
5.0160874023437500e+03	4.7718107700347900e-01
5.0165761718750000e+03	4.7676074504852295e-01
5.0170649414062500e+03	4.7631788253784180e-01
5.0175537109375000e+03	4.7585248947143555e-01
5.0180429687500000e+03	4.7536459565162659e-01
5.0185317382812500e+03	4.7485411167144775e-01
5.0190205078125000e+03	4.7432124614715576e-01
5.0195097656250000e+03	4.7376582026481628e-01
5.0199990234375000e+03	4.7318795323371887e-01
5.0204877929687500e+03	4.7258773446083069e-01
5.0209770507812500e+03	4.7196525335311890e-01
5.0214663085937500e+03	4.7132062911987305e-01
5.0219555664062500e+03	4.7065392136573792e-01
5.0224448242187500e+03	4.6996521949768066e-01
5.0229345703125000e+03	4.6925476193428040e-01
5.0234238281250000e+03	4.6852266788482666e-01
5.0239130859375000e+03	4.6776908636093140e-01
5.0244028320312500e+03	4.6699419617652893e-01
5.0248920898437500e+03	4.6619820594787598e-01
5.0253818359375000e+03	4.6538132429122925e-01
5.0258715820312500e+03	4.6454381942749023e-01
5.0263613281250000e+03	4.6368589997291565e-01
5.0268510742187500e+03	4.6280780434608459e-01
5.0273408203125000e+03	4.6190977096557617e-01
5.0278305664062500e+03	4.6099206805229187e-01
5.0283208007812500e+03	4.6005508303642273e-01
5.0288105468750000e+03	4.5909902453422546e-01
5.0293002929687500e+03	4.5812416076660156e-01
5.0297905273437500e+03	4.5713093876838684e-01
5.0302807617187500e+03	4.5611959695816040e-01
5.0307709960937500e+03	4.5509046316146851e-01
5.0312607421875000e+03	4.5404395461082458e-01
5.0317509765625000e+03	4.5298039913177490e-01
5.0322416992187500e+03	4.5190015435218811e-01
5.0327319335937500e+03	4.5080363750457764e-01
5.0332221679687500e+03	4.4969114661216736e-01
5.0337124023437500e+03	4.4856312870979309e-01
5.0342031250000000e+03	4.4742009043693542e-01
5.0346938476562500e+03	4.4626224040985107e-01
5.0351840820312500e+03	4.4509011507034302e-01
5.0356748046875000e+03	4.4390419125556946e-01
5.0361655273437500e+03	4.4270473718643188e-01
5.0366562500000000e+03	4.4149231910705566e-01
5.0371469726562500e+03	4.4026732444763184e-01
5.0376376953125000e+03	4.3903023004531860e-01
5.0381284179687500e+03	4.3778145313262939e-01
5.0386196289062500e+03	4.3652150034904480e-01
5.0391103515625000e+03	4.3525078892707825e-01
5.0396015625000000e+03	4.3396976590156555e-01
5.0400922851562500e+03	4.3267890810966492e-01
5.0405834960937500e+03	4.3137875199317932e-01
5.0410747070312500e+03	4.3006968498229980e-01
5.0415659179687500e+03	4.2875224351882935e-01
5.0420571289062500e+03	4.2742684483528137e-01
5.0425483398437500e+03	4.2609405517578125e-01
5.0430395507812500e+03	4.2475423216819763e-01
5.0435312500000000e+03	4.2340800166130066e-01
5.0440224609375000e+03	4.2205575108528137e-01
5.0445141601562500e+03	4.2069798707962036e-01
5.0450053710937500e+03	4.1933518648147583e-01
5.0454970703125000e+03	4.1796782612800598e-01
5.0459887695312500e+03	4.1659641265869141e-01
5.0464804687500000e+03	4.1522139310836792e-01
5.0469721679687500e+03	4.1384330391883850e-01
5.0474638671875000e+03	4.1246256232261658e-01
5.0479555664062500e+03	4.1107970476150513e-01
5.0484477539062500e+03	4.0969508886337280e-01
5.0489394531250000e+03	4.0830931067466736e-01
5.0494316406250000e+03	4.0692284703254700e-01
5.0499233398437500e+03	4.0553608536720276e-01
5.0504155273437500e+03	4.0414944291114807e-01
5.0509077148437500e+03	4.0276354551315308e-01
5.0513999023437500e+03	4.0137872099876404e-01
5.0518920898437500e+03	3.9999544620513916e-01
5.0523842773437500e+03	3.9861425757408142e-01
5.0528764648437500e+03	3.9723545312881470e-01
5.0533686523437500e+03	3.9585959911346436e-01
5.0538613281250000e+03	3.9448708295822144e-01
5.0543535156250000e+03	3.9311823248863220e-01
5.0548461914062500e+03	3.9175367355346680e-01
5.0553383789062500e+03	3.9039367437362671e-01
5.0558310546875000e+03	3.8903874158859253e-01
5.0563237304687500e+03	3.8768750429153442e-01
5.0568164062500000e+03	3.8634395599365234e-01
5.0573090820312500e+03	3.8500660657882690e-01
5.0578017578125000e+03	3.8367587327957153e-01
5.0582949218750000e+03	3.8235214352607727e-01
5.0587875976562500e+03	3.8103586435317993e-01
5.0592807617187500e+03	3.7972727417945862e-01
5.0597734375000000e+03	3.7842687964439392e-01
5.0602666015625000e+03	3.7713491916656494e-01
5.0607597656250000e+03	3.7585183978080750e-01
5.0612529296875000e+03	3.7457796931266785e-01
5.0617460937500000e+03	3.7331360578536987e-01
5.0622392578125000e+03	3.7205913662910461e-01
5.0627324218750000e+03	3.7081483006477356e-01
5.0632255859375000e+03	3.6958110332489014e-01
5.0637187500000000e+03	3.6835816502571106e-01
5.0642124023437500e+03	3.6714640259742737e-01
5.0647055664062500e+03	3.6594602465629578e-01
5.0651992187500000e+03	3.6475744843482971e-01
5.0656928710937500e+03	3.6358082294464111e-01
5.0661865234375000e+03	3.6241650581359863e-01
5.0666801757812500e+03	3.6126476526260376e-01
5.0671738281250000e+03	3.6012580990791321e-01
5.0676674804687500e+03	3.5899999737739563e-01
5.0681611328125000e+03	3.5788750648498535e-01
5.0686552734375000e+03	3.5678857564926147e-01
5.0691489257812500e+03	3.5570344328880310e-01
5.0696430664062500e+03	3.5463240742683411e-01
5.0701367187500000e+03	3.5357558727264404e-01
5.0706308593750000e+03	3.5253325104713440e-01
5.0711250000000000e+03	3.5150560736656189e-01
5.0716191406250000e+03	3.5049286484718323e-01
5.0721132812500000e+03	3.4949520230293274e-01
5.0726074218750000e+03	3.4851279854774475e-01
5.0731015625000000e+03	3.4754580259323120e-01
5.0735961914062500e+03	3.4659451246261597e-01
5.0740903320312500e+03	3.4565889835357666e-01
5.0745849609375000e+03	3.4473931789398193e-01
5.0750791015625000e+03	3.4383580088615417e-01
5.0755737304687500e+03	3.4294855594635010e-01
5.0760683593750000e+03	3.4207770228385925e-01
5.0765629882812500e+03	3.4122338891029358e-01
5.0770576171875000e+03	3.4038570523262024e-01
5.0775522460937500e+03	3.3956477046012878e-01
5.0780468750000000e+03	3.3876073360443115e-01
5.0785415039062500e+03	3.3797371387481689e-01
5.0790366210937500e+03	3.3720383048057556e-01
5.0795312500000000e+03	3.3645105361938477e-01
5.0800263671875000e+03	3.3571568131446838e-01
5.0805214843750000e+03	3.3499759435653687e-01
5.0810166015625000e+03	3.3429700136184692e-01
5.0815117187500000e+03	3.3361399173736572e-01
5.0820068359375000e+03	3.3294850587844849e-01
5.0825019531250000e+03	3.3230069279670715e-01
5.0829970703125000e+03	3.3167067170143127e-01
5.0834921875000000e+03	3.3105838298797607e-01
5.0839877929687500e+03	3.3046391606330872e-01
5.0844829101562500e+03	3.2988730072975159e-01
5.0849785156250000e+03	3.2932862639427185e-01
5.0854741210937500e+03	3.2878789305686951e-01
5.0859692382812500e+03	3.2826513051986694e-01
5.0864648437500000e+03	3.2776030898094177e-01
5.0869604492187500e+03	3.2727354764938354e-01
5.0874560546875000e+03	3.2680481672286987e-01
5.0879521484375000e+03	3.2635405659675598e-01
5.0884477539062500e+03	3.2592135667800903e-01
5.0889433593750000e+03	3.2550668716430664e-01
5.0894394531250000e+03	3.2511001825332642e-01
5.0899350585937500e+03	3.2473137974739075e-01
5.0904311523437500e+03	3.2437071204185486e-01
5.0909272460937500e+03	3.2402807474136353e-01
5.0914233398437500e+03	3.2370334863662720e-01
5.0919194335937500e+03	3.2339656352996826e-01
5.0924155273437500e+03	3.2310768961906433e-01
5.0929116210937500e+03	3.2283663749694824e-01
5.0934077148437500e+03	3.2258346676826477e-01
5.0939042968750000e+03	3.2234802842140198e-01
5.0944003906250000e+03	3.2213032245635986e-01
5.0948969726562500e+03	3.2193031907081604e-01
5.0953935546875000e+03	3.2174789905548096e-01
5.0958896484375000e+03	3.2158306241035461e-01
5.0963862304687500e+03	3.2143571972846985e-01
5.0968828125000000e+03	3.2130581140518188e-01
5.0973793945312500e+03	3.2119324803352356e-01
5.0978764648437500e+03	3.2109797000885010e-01
5.0983730468750000e+03	3.2101991772651672e-01
5.0988696289062500e+03	3.2095891237258911e-01
5.0993666992187500e+03	3.2091501355171204e-01
5.0998632812500000e+03	3.2088795304298401e-01
5.1003603515625000e+03	3.2087782025337219e-01
5.1008574218750000e+03	3.2088443636894226e-01
5.1013544921875000e+03	3.2090765237808228e-01
5.1018515625000000e+03	3.2094743847846985e-01
5.1023486328125000e+03	3.2100361585617065e-01
5.1028457031250000e+03	3.2107615470886230e-01
5.1033427734375000e+03	3.2116487622261047e-01
5.1038403320312500e+03	3.2126963138580322e-01
5.1043374023437500e+03	3.2139039039611816e-01
5.1048349609375000e+03	3.2152694463729858e-01
5.1053320312500000e+03	3.2167917490005493e-01
5.1058295898437500e+03	3.2184693217277527e-01
5.1063271484375000e+03	3.2203015685081482e-01
5.1068247070312500e+03	3.2222864031791687e-01
5.1073222656250000e+03	3.2244226336479187e-01
5.1078198242187500e+03	3.2267084717750549e-01
5.1083173828125000e+03	3.2291424274444580e-01
5.1088154296875000e+03	3.2317230105400085e-01
5.1093129882812500e+03	3.2344490289688110e-01
5.1098110351562500e+03	3.2373175024986267e-01
5.1103090820312500e+03	3.2403281331062317e-01
5.1108066406250000e+03	3.2434785366058350e-01
5.1113046875000000e+03	3.2467672228813171e-01
5.1118027343750000e+03	3.2501921057701111e-01
5.1123007812500000e+03	3.2537516951560974e-01
5.1127988281250000e+03	3.2574436068534851e-01
5.1132973632812500e+03	3.2612663507461548e-01
5.1137954101562500e+03	3.2652175426483154e-01
5.1142934570312500e+03	3.2692953944206238e-01
5.1147919921875000e+03	3.2734987139701843e-01
5.1152905273437500e+03	3.2778239250183105e-01
5.1157885742187500e+03	3.2822695374488831e-01
5.1162871093750000e+03	3.2868337631225586e-01
5.1167856445312500e+03	3.2915142178535461e-01
5.1172841796875000e+03	3.2963085174560547e-01
5.1177827148437500e+03	3.3012148737907410e-01
5.1182817382812500e+03	3.3062303066253662e-01
5.1187802734375000e+03	3.3113527297973633e-01
5.1192792968750000e+03	3.3165800571441650e-01
5.1197778320312500e+03	3.3219096064567566e-01
5.1202768554687500e+03	3.3273389935493469e-01
5.1207758789062500e+03	3.3328661322593689e-01
5.1212744140625000e+03	3.3384877443313599e-01
5.1217734375000000e+03	3.3442020416259766e-01
5.1222724609375000e+03	3.3500054478645325e-01
5.1227719726562500e+03	3.3558967709541321e-01
5.1232709960937500e+03	3.3618721365928650e-01
5.1237700195312500e+03	3.3679297566413879e-01
5.1242695312500000e+03	3.3740660548210144e-01
5.1247685546875000e+03	3.3802792429924011e-01
5.1252680664062500e+03	3.3865660429000854e-01
5.1257675781250000e+03	3.3929231762886047e-01
5.1262666015625000e+03	3.3993491530418396e-01
5.1267661132812500e+03	3.4058225154876709e-01
5.1272656250000000e+03	3.4123763442039490e-01
5.1277656250000000e+03	3.4189897775650024e-01
5.1282651367187500e+03	3.4256595373153687e-01
5.1287646484375000e+03	3.4323826432228088e-01
5.1292646484375000e+03	3.4391567111015320e-01
5.1297641601562500e+03	3.4459775686264038e-01
5.1302641601562500e+03	3.4528431296348572e-01
5.1307641601562500e+03	3.4597507119178772e-01
5.1312636718750000e+03	3.4666964411735535e-01
5.1317636718750000e+03	3.4736770391464233e-01
5.1322636718750000e+03	3.4806904196739197e-01
5.1327641601562500e+03	3.4877327084541321e-01
5.1332641601562500e+03	3.4948009252548218e-01
5.1337641601562500e+03	3.5018923878669739e-01
5.1342646484375000e+03	3.5090032219886780e-01
5.1347646484375000e+03	3.5161313414573669e-01
5.1352651367187500e+03	3.5232719779014587e-01
5.1357656250000000e+03	3.5304239392280579e-01
5.1362656250000000e+03	3.5375821590423584e-01
5.1367661132812500e+03	3.5447445511817932e-01
5.1372666015625000e+03	3.5519084334373474e-01
5.1377675781250000e+03	3.5590696334838867e-01
5.1382680664062500e+03	3.5662254691123962e-01
5.1387685546875000e+03	3.5733723640441895e-01
5.1392695312500000e+03	3.5805076360702515e-01
5.1397700195312500e+03	3.5876274108886719e-01
5.1402709960937500e+03	3.5947301983833313e-01
5.1407719726562500e+03	3.6018115282058716e-01
5.1412724609375000e+03	3.6088681221008301e-01
5.1417734375000000e+03	3.6158978939056396e-01
5.1422744140625000e+03	3.6228969693183899e-01
5.1427758789062500e+03	3.6298623681068420e-01
5.1432768554687500e+03	3.6367917060852051e-01
5.1437778320312500e+03	3.6436814069747925e-01
5.1442792968750000e+03	3.6505290865898132e-01
5.1447802734375000e+03	3.6573311686515808e-01
5.1452817382812500e+03	3.6640846729278564e-01
5.1457832031250000e+03	3.6707872152328491e-01
5.1462841796875000e+03	3.6774358153343201e-01
5.1467856445312500e+03	3.6840277910232544e-01
5.1472871093750000e+03	3.6905598640441895e-01
5.1477890625000000e+03	3.6970299482345581e-01
5.1482905273437500e+03	3.7034347653388977e-01
5.1487919921875000e+03	3.7097719311714172e-01
5.1492939453125000e+03	3.7160390615463257e-01
5.1497954101562500e+03	3.7222334742546082e-01
5.1502973632812500e+03	3.7283527851104736e-01
5.1507993164062500e+03	3.7343943119049072e-01
5.1513007812500000e+03	3.7403556704521179e-01
5.1518027343750000e+03	3.7462347745895386e-01
5.1523046875000000e+03	3.7520295381546021e-01
5.1528071289062500e+03	3.7577366828918457e-01
5.1533090820312500e+03	3.7633550167083740e-01
5.1538110351562500e+03	3.7688827514648438e-01
5.1543134765625000e+03	3.7743169069290161e-01
5.1548154296875000e+03	3.7796565890312195e-01
5.1553178710937500e+03	3.7848988175392151e-01
5.1558203125000000e+03	3.7900426983833313e-01
5.1563222656250000e+03	3.7950855493545532e-01
5.1568247070312500e+03	3.8000267744064331e-01
5.1573271484375000e+03	3.8048639893531799e-01
5.1578300781250000e+03	3.8095957040786743e-01
5.1583325195312500e+03	3.8142213225364685e-01
5.1588349609375000e+03	3.8187384605407715e-01
5.1593378906250000e+03	3.8231465220451355e-01
5.1598403320312500e+03	3.8274443149566650e-01
5.1603432617187500e+03	3.8316297531127930e-01
5.1608461914062500e+03	3.8357028365135193e-01
5.1613486328125000e+03	3.8396617770195007e-01
5.1618515625000000e+03	3.8435065746307373e-01
5.1623544921875000e+03	3.8472357392311096e-01
5.1628579101562500e+03	3.8508495688438416e-01
5.1633608398437500e+03	3.8543462753295898e-01
5.1638637695312500e+03	3.8577255606651306e-01
5.1643671875000000e+03	3.8609874248504639e-01
5.1648701171875000e+03	3.8641312718391418e-01
5.1653735351562500e+03	3.8671571016311646e-01
5.1658769531250000e+03	3.8700640201568604e-01
5.1663803710937500e+03	3.8728523254394531e-01
5.1668833007812500e+03	3.8755220174789429e-01
5.1673872070312500e+03	3.8780739903450012e-01
5.1678906250000000e+03	3.8805067539215088e-01
5.1683940429687500e+03	3.8828217983245850e-01
5.1688974609375000e+03	3.8850191235542297e-01
5.1694013671875000e+03	3.8870990276336670e-01
5.1699047851562500e+03	3.8890618085861206e-01
5.1704086914062500e+03	3.8909080624580383e-01
5.1709125976562500e+03	3.8926389813423157e-01
5.1714165039062500e+03	3.8942548632621765e-01
5.1719204101562500e+03	3.8957571983337402e-01
5.1724243164062500e+03	3.8971462845802307e-01
5.1729282226562500e+03	3.8984230160713196e-01
5.1734321289062500e+03	3.8995885848999023e-01
5.1739360351562500e+03	3.9006435871124268e-01
5.1744404296875000e+03	3.9015910029411316e-01
5.1749448242187500e+03	3.9024305343627930e-01
5.1754487304687500e+03	3.9031636714935303e-01
5.1759531250000000e+03	3.9037925004959106e-01
5.1764575195312500e+03	3.9043182134628296e-01
5.1769619140625000e+03	3.9047420024871826e-01
5.1774663085937500e+03	3.9050668478012085e-01
5.1779707031250000e+03	3.9052921533584595e-01
5.1784750976562500e+03	3.9054220914840698e-01
5.1789799804687500e+03	3.9054566621780396e-01
5.1794843750000000e+03	3.9053988456726074e-01
5.1799892578125000e+03	3.9052501320838928e-01
5.1804936523437500e+03	3.9050123095512390e-01
5.1809985351562500e+03	3.9046880602836609e-01
5.1815034179687500e+03	3.9042791724205017e-01
5.1820083007812500e+03	3.9037877321243286e-01
5.1825131835937500e+03	3.9032158255577087e-01
5.1830180664062500e+03	3.9025661349296570e-01
5.1835234375000000e+03	3.9018404483795166e-01
5.1840283203125000e+03	3.9010411500930786e-01
5.1845332031250000e+03	3.9001706242561340e-01
5.1850385742187500e+03	3.8992318511009216e-01
5.1855439453125000e+03	3.8982263207435608e-01
5.1860488281250000e+03	3.8971567153930664e-01
5.1865541992187500e+03	3.8960260152816772e-01
5.1870595703125000e+03	3.8948363065719604e-01
5.1875649414062500e+03	3.8935902714729309e-01
5.1880708007812500e+03	3.8922899961471558e-01
5.1885761718750000e+03	3.8909384608268738e-01
5.1890815429687500e+03	3.8895386457443237e-01
5.1895874023437500e+03	3.8880920410156250e-01
5.1900927734375000e+03	3.8866019248962402e-01
5.1905986328125000e+03	3.8850709795951843e-01
5.1911044921875000e+03	3.8835015892982483e-01
5.1916103515625000e+03	3.8818961381912231e-01
5.1921162109375000e+03	3.8802573084831238e-01
5.1926220703125000e+03	3.8785877823829651e-01
5.1931279296875000e+03	3.8768905401229858e-01
5.1936337890625000e+03	3.8751679658889771e-01
5.1941401367187500e+03	3.8734215497970581e-01
5.1946459960937500e+03	3.8716554641723633e-01
5.1951523437500000e+03	3.8698709011077881e-01
5.1956582031250000e+03	3.8680714368820190e-01
5.1961645507812500e+03	3.8662588596343994e-01
5.1966708984375000e+03	3.8644358515739441e-01
5.1971772460937500e+03	3.8626050949096680e-01
5.1976835937500000e+03	3.8607683777809143e-01
5.1981904296875000e+03	3.8589289784431458e-01
5.1986967773437500e+03	3.8570880889892578e-01
5.1992031250000000e+03	3.8552486896514893e-01
5.1997099609375000e+03	3.8534137606620789e-01
5.2002163085937500e+03	3.8515841960906982e-01
5.2007231445312500e+03	3.8497629761695862e-01
5.2012299804687500e+03	3.8479521870613098e-01
5.2017368164062500e+03	3.8461542129516602e-01
5.2022436523437500e+03	3.8443699479103088e-01
5.2027504882812500e+03	3.8426029682159424e-01
5.2032573242187500e+03	3.8408544659614563e-01
5.2037641601562500e+03	3.8391265273094177e-01
5.2042714843750000e+03	3.8374209403991699e-01
5.2047783203125000e+03	3.8357394933700562e-01
5.2052856445312500e+03	3.8340839743614197e-01
5.2057929687500000e+03	3.8324564695358276e-01
5.2063002929687500e+03	3.8308581709861755e-01
5.2068071289062500e+03	3.8292911648750305e-01
5.2073144531250000e+03	3.8277566432952881e-01
5.2078222656250000e+03	3.8262557983398438e-01
5.2083295898437500e+03	3.8247910141944885e-01
5.2088369140625000e+03	3.8233625888824463e-01
5.2093447265625000e+03	3.8219726085662842e-01
5.2098520507812500e+03	3.8206225633621216e-01
5.2103598632812500e+03	3.8193124532699585e-01
5.2108676757812500e+03	3.8180443644523621e-01
5.2113750000000000e+03	3.8168188929557800e-01
5.2118828125000000e+03	3.8156381249427795e-01
5.2123906250000000e+03	3.8145014643669128e-01
5.2128984375000000e+03	3.8134101033210754e-01
5.2134067382812500e+03	3.8123658299446106e-01
5.2139145507812500e+03	3.8113686442375183e-01
5.2144223632812500e+03	3.8104191422462463e-01
5.2149306640625000e+03	3.8095182180404663e-01
5.2154389648437500e+03	3.8086661696434021e-01
5.2159467773437500e+03	3.8078638911247253e-01
5.2164550781250000e+03	3.8071119785308838e-01
5.2169633789062500e+03	3.8064101338386536e-01
5.2174716796875000e+03	3.8057586550712585e-01
5.2179799804687500e+03	3.8051584362983704e-01
5.2184887695312500e+03	3.8046094775199890e-01
5.2189970703125000e+03	3.8041111826896667e-01
5.2195058593750000e+03	3.8036641478538513e-01
5.2200141601562500e+03	3.8032683730125427e-01
5.2205229492187500e+03	3.8029241561889648e-01
5.2210312500000000e+03	3.8026306033134460e-01
5.2215400390625000e+03	3.8023877143859863e-01
5.2220488281250000e+03	3.8021966814994812e-01
5.2225576171875000e+03	3.8020548224449158e-01
5.2230668945312500e+03	3.8019633293151855e-01
5.2235756835937500e+03	3.8019213080406189e-01
5.2240844726562500e+03	3.8019284605979919e-01
5.2245937500000000e+03	3.8019675016403198e-01
5.2251025390625000e+03	3.8020724058151245e-01
5.2256118164062500e+03	3.8022246956825256e-01
5.2261210937500000e+03	3.8024237751960754e-01
5.2266303710937500e+03	3.8026687502861023e-01
5.2271396484375000e+03	3.8029590249061584e-01
5.2276489257812500e+03	3.8032940030097961e-01
5.2281582031250000e+03	3.8036730885505676e-01
5.2286674804687500e+03	3.8040944933891296e-01
5.2291772460937500e+03	3.8045582175254822e-01
5.2296865234375000e+03	3.8050624728202820e-01
5.2301962890625000e+03	3.8056069612503052e-01
5.2307055664062500e+03	3.8061898946762085e-01
5.2312153320312500e+03	3.8068115711212158e-01
5.2317250976562500e+03	3.8074693083763123e-01
5.2322348632812500e+03	3.8081628084182739e-01
5.2327446289062500e+03	3.8088911771774292e-01
5.2332543945312500e+03	3.8096526265144348e-01
5.2337646484375000e+03	3.8104462623596191e-01
5.2342744140625000e+03	3.8112708926200867e-01
5.2347841796875000e+03	3.8121250271797180e-01
5.2352944335937500e+03	3.8130068778991699e-01
5.2358046875000000e+03	3.8139161467552185e-01
5.2363149414062500e+03	3.8148516416549683e-01
5.2368251953125000e+03	3.8158106803894043e-01
5.2373354492187500e+03	3.8167926669120789e-01
5.2378457031250000e+03	3.8177961111068726e-01
5.2383559570312500e+03	3.8188201189041138e-01
5.2388662109375000e+03	3.8198629021644592e-01
5.2393769531250000e+03	3.8209226727485657e-01
5.2398872070312500e+03	3.8219982385635376e-01
5.2403979492187500e+03	3.8230884075164795e-01
5.2409086914062500e+03	3.8241916894912720e-01
5.2414189453125000e+03	3.8253062963485718e-01
5.2419296875000000e+03	3.8264307379722595e-01
5.2424404296875000e+03	3.8275641202926636e-01
5.2429511718750000e+03	3.8287046551704407e-01
5.2434624023437500e+03	3.8298508524894714e-01
5.2439731445312500e+03	3.8310012221336365e-01
5.2444838867187500e+03	3.8321542739868164e-01
5.2449951171875000e+03	3.8333082199096680e-01
5.2455063476562500e+03	3.8344624638557434e-01
5.2460170898437500e+03	3.8356152176856995e-01
5.2465283203125000e+03	3.8367643952369690e-01
5.2470395507812500e+03	3.8379088044166565e-01
5.2475507812500000e+03	3.8390481472015381e-01
5.2480620117187500e+03	3.8401791453361511e-01
5.2485737304687500e+03	3.8413017988204956e-01
5.2490849609375000e+03	3.8424143195152283e-01
5.2495966796875000e+03	3.8435149192810059e-01
5.2501079101562500e+03	3.8446030020713806e-01
5.2506196289062500e+03	3.8456761837005615e-01
5.2511313476562500e+03	3.8467338681221008e-01
5.2516425781250000e+03	3.8477745652198792e-01
5.2521542968750000e+03	3.8487967848777771e-01
5.2526660156250000e+03	3.8497993350028992e-01
5.2531782226562500e+03	3.8507816195487976e-01
5.2536899414062500e+03	3.8517406582832336e-01
5.2542016601562500e+03	3.8526767492294312e-01
5.2547138671875000e+03	3.8535881042480469e-01
5.2552255859375000e+03	3.8544735312461853e-01
5.2557377929687500e+03	3.8553318381309509e-01
5.2562500000000000e+03	3.8561618328094482e-01
5.2567622070312500e+03	3.8569623231887817e-01
5.2572744140625000e+03	3.8577324151992798e-01
5.2577866210937500e+03	3.8584706187248230e-01
5.2582988281250000e+03	3.8591763377189636e-01
5.2588110351562500e+03	3.8598483800888062e-01
5.2593237304687500e+03	3.8604852557182312e-01
5.2598359375000000e+03	3.8610866665840149e-01
5.2603486328125000e+03	3.8616502285003662e-01
5.2608613281250000e+03	3.8621768355369568e-01
5.2613735351562500e+03	3.8626644015312195e-01
5.2618862304687500e+03	3.8631120324134827e-01
5.2623989257812500e+03	3.8635188341140747e-01
5.2629116210937500e+03	3.8638848066329956e-01
5.2634248046875000e+03	3.8642075657844543e-01
5.2639375000000000e+03	3.8644880056381226e-01
5.2644501953125000e+03	3.8647237420082092e-01
5.2649633789062500e+03	3.8649147748947144e-01
5.2654765625000000e+03	3.8650602102279663e-01
5.2659892578125000e+03	3.8651594519615173e-01
5.2665024414062500e+03	3.8652110099792480e-01
5.2670156250000000e+03	3.8652154803276062e-01
5.2675288085937500e+03	3.8651707768440247e-01
5.2680419921875000e+03	3.8650774955749512e-01
5.2685551757812500e+03	3.8649338483810425e-01
5.2690688476562500e+03	3.8647401332855225e-01
5.2695820312500000e+03	3.8644957542419434e-01
5.2700957031250000e+03	3.8641995191574097e-01
5.2706088867187500e+03	3.8638511300086975e-01
5.2711225585937500e+03	3.8634496927261353e-01
5.2716362304687500e+03	3.8629952073097229e-01
5.2721499023437500e+03	3.8624870777130127e-01
5.2726635742187500e+03	3.8619247078895569e-01
5.2731772460937500e+03	3.8613080978393555e-01
5.2736914062500000e+03	3.8606360554695129e-01
5.2742050781250000e+03	3.8599082827568054e-01
5.2747187500000000e+03	3.8591247797012329e-01
5.2752329101562500e+03	3.8582852482795715e-01
5.2757470703125000e+03	3.8573887944221497e-01
5.2762607421875000e+03	3.8564345240592957e-01
5.2767749023437500e+03	3.8554236292839050e-01
5.2772890625000000e+03	3.8543543219566345e-01
5.2778032226562500e+03	3.8532274961471558e-01
5.2783178710937500e+03	3.8520422577857971e-01
5.2788320312500000e+03	3.8507986068725586e-01
5.2793461914062500e+03	3.8494953513145447e-01
5.2798608398437500e+03	3.8481330871582031e-01
5.2803750000000000e+03	3.8467118144035339e-01
5.2808896484375000e+03	3.8452306389808655e-01
5.2814042968750000e+03	3.8436892628669739e-01
5.2819189453125000e+03	3.8420882821083069e-01
5.2824335937500000e+03	3.8404268026351929e-01
5.2829482421875000e+03	3.8387051224708557e-01
5.2834628906250000e+03	3.8369223475456238e-01
5.2839775390625000e+03	3.8350790739059448e-01
5.2844926757812500e+03	3.8331747055053711e-01
5.2850073242187500e+03	3.8312098383903503e-01
5.2855224609375000e+03	3.8291832804679871e-01
5.2860375976562500e+03	3.8270956277847290e-01
5.2865527343750000e+03	3.8249462842941284e-01
5.2870678710937500e+03	3.8227355480194092e-01
5.2875830078125000e+03	3.8204634189605713e-01
5.2880981445312500e+03	3.8181298971176147e-01
5.2886132812500000e+03	3.8157346844673157e-01
5.2891284179687500e+03	3.8132774829864502e-01
5.2896440429687500e+03	3.8107582926750183e-01
5.2901591796875000e+03	3.8081777095794678e-01
5.2906748046875000e+03	3.8055351376533508e-01
5.2911904296875000e+03	3.8028311729431152e-01
5.2917060546875000e+03	3.8000649213790894e-01
5.2922216796875000e+03	3.7972369790077209e-01
5.2927373046875000e+03	3.7943476438522339e-01
5.2932529296875000e+03	3.7913960218429565e-01
5.2937685546875000e+03	3.7883833050727844e-01
5.2942846679687500e+03	3.7853088974952698e-01
5.2948002929687500e+03	3.7821730971336365e-01
5.2953164062500000e+03	3.7789753079414368e-01
5.2958320312500000e+03	3.7757164239883423e-01
5.2963481445312500e+03	3.7723967432975769e-01
5.2968642578125000e+03	3.7690153717994690e-01
5.2973803710937500e+03	3.7655735015869141e-01
5.2978964843750000e+03	3.7620705366134644e-01
5.2984125976562500e+03	3.7585064768791199e-01
5.2989291992187500e+03	3.7548828125000000e-01
5.2994453125000000e+03	3.7511980533599854e-01
5.2999614257812500e+03	3.7474536895751953e-01
5.3004780273437500e+03	3.7436491250991821e-01
5.3009946289062500e+03	3.7397849559783936e-01
5.3015112304687500e+03	3.7358611822128296e-01
5.3020278320312500e+03	3.7318783998489380e-01
5.3025444335937500e+03	3.7278363108634949e-01
5.3030610351562500e+03	3.7237358093261719e-01
5.3035776367187500e+03	3.7195768952369690e-01
5.3040942382812500e+03	3.7153598666191101e-01
5.3046113281250000e+03	3.7110853195190430e-01
5.3051279296875000e+03	3.7067532539367676e-01
5.3056450195312500e+03	3.7023639678955078e-01
5.3061621093750000e+03	3.6979180574417114e-01
5.3066791992187500e+03	3.6934164166450500e-01
5.3071958007812500e+03	3.6888584494590759e-01
5.3077133789062500e+03	3.6842453479766846e-01
5.3082304687500000e+03	3.6795768141746521e-01
5.3087475585937500e+03	3.6748540401458740e-01
5.3092646484375000e+03	3.6700770258903503e-01
5.3097822265625000e+03	3.6652469635009766e-01
5.3102993164062500e+03	3.6603632569313049e-01
5.3108168945312500e+03	3.6554276943206787e-01
5.3113344726562500e+03	3.6504396796226501e-01
5.3118520507812500e+03	3.6454004049301147e-01
5.3123696289062500e+03	3.6403104662895203e-01
5.3128872070312500e+03	3.6351701617240906e-01
5.3134047851562500e+03	3.6299800872802734e-01
5.3139223632812500e+03	3.6247414350509644e-01
5.3144404296875000e+03	3.6194545030593872e-01
5.3149580078125000e+03	3.6141201853752136e-01
5.3154760742187500e+03	3.6087387800216675e-01
5.3159941406250000e+03	3.6033111810684204e-01
5.3165117187500000e+03	3.5978379845619202e-01
5.3170297851562500e+03	3.5923203825950623e-01
5.3175478515625000e+03	3.5867589712142944e-01
5.3180659179687500e+03	3.5811546444892883e-01
5.3185844726562500e+03	3.5755077004432678e-01
5.3191025390625000e+03	3.5698193311691284e-01
5.3196206054687500e+03	3.5640901327133179e-01
5.3201391601562500e+03	3.5583215951919556e-01
5.3206577148437500e+03	3.5525143146514893e-01
5.3211757812500000e+03	3.5466685891151428e-01
5.3216943359375000e+03	3.5407862067222595e-01
5.3222128906250000e+03	3.5348680615425110e-01
5.3227314453125000e+03	3.5289138555526733e-01
5.3232500000000000e+03	3.5229262709617615e-01
5.3237690429687500e+03	3.5169050097465515e-01
5.3242875976562500e+03	3.5108518600463867e-01
5.3248061523437500e+03	3.5047674179077148e-01
5.3253251953125000e+03	3.4986525774002075e-01
5.3258442382812500e+03	3.4925088286399841e-01
5.3263627929687500e+03	3.4863370656967163e-01
5.3268818359375000e+03	3.4801381826400757e-01
5.3274008789062500e+03	3.4739133715629578e-01
5.3279199218750000e+03	3.4676641225814819e-01
5.3284394531250000e+03	3.4613904356956482e-01
5.3289584960937500e+03	3.4550946950912476e-01
5.3294775390625000e+03	3.4487769007682800e-01
5.3299970703125000e+03	3.4424391388893127e-01
5.3305161132812500e+03	3.4360823035240173e-01
5.3310356445312500e+03	3.4297066926956177e-01
5.3315551757812500e+03	3.4233149886131287e-01
5.3320747070312500e+03	3.4169068932533264e-01
5.3325942382812500e+03	3.4104844927787781e-01
5.3331137695312500e+03	3.4040489792823792e-01
5.3336333007812500e+03	3.3976006507873535e-01
5.3341533203125000e+03	3.3911412954330444e-01
5.3346728515625000e+03	3.3846727013587952e-01
5.3351928710937500e+03	3.3781945705413818e-01
5.3357124023437500e+03	3.3717098832130432e-01
5.3362324218750000e+03	3.3652180433273315e-01
5.3367524414062500e+03	3.3587217330932617e-01
5.3372724609375000e+03	3.3522212505340576e-01
5.3377924804687500e+03	3.3457183837890625e-01
5.3383125000000000e+03	3.3392134308815002e-01
5.3388325195312500e+03	3.3327087759971619e-01
5.3393530273437500e+03	3.3262047171592712e-01
5.3398730468750000e+03	3.3197027444839478e-01
5.3403935546875000e+03	3.3132040500640869e-01
5.3409135742187500e+03	3.3067095279693604e-01
5.3414340820312500e+03	3.3002209663391113e-01
5.3419545898437500e+03	3.2937389612197876e-01
5.3424750976562500e+03	3.2872650027275085e-01
5.3429956054687500e+03	3.2807996869087219e-01
5.3435161132812500e+03	3.2743450999259949e-01
5.3440371093750000e+03	3.2679015398025513e-01
5.3445576171875000e+03	3.2614704966545105e-01
5.3450786132812500e+03	3.2550528645515442e-01
5.3455991210937500e+03	3.2486498355865479e-01
5.3461201171875000e+03	3.2422623038291931e-01
5.3466411132812500e+03	3.2358923554420471e-01
5.3471621093750000e+03	3.2295396924018860e-01
5.3476831054687500e+03	3.2232058048248291e-01
5.3482041015625000e+03	3.2168921828269958e-01
5.3487250976562500e+03	3.2105994224548340e-01
5.3492460937500000e+03	3.2043284177780151e-01
5.3497675781250000e+03	3.1980803608894348e-01
5.3502885742187500e+03	3.1918564438819885e-01
5.3508100585937500e+03	3.1856572628021240e-01
5.3513315429687500e+03	3.1794834136962891e-01
5.3518530273437500e+03	3.1733369827270508e-01
5.3523745117187500e+03	3.1672173738479614e-01
5.3528959960937500e+03	3.1611266732215881e-01
5.3534174804687500e+03	3.1550648808479309e-01
5.3539389648437500e+03	3.1490334868431091e-01
5.3544609375000000e+03	3.1430327892303467e-01
5.3549824218750000e+03	3.1370639801025391e-01
5.3555043945312500e+03	3.1311273574829102e-01
5.3560258789062500e+03	3.1252241134643555e-01
5.3565478515625000e+03	3.1193548440933228e-01
5.3570698242187500e+03	3.1135201454162598e-01
5.3575917968750000e+03	3.1077206134796143e-01
5.3581137695312500e+03	3.1019574403762817e-01
5.3586357421875000e+03	3.0962303280830383e-01
5.3591582031250000e+03	3.0905407667160034e-01
5.3596801757812500e+03	3.0848887562751770e-01
5.3602026367187500e+03	3.0792754888534546e-01
5.3607246093750000e+03	3.0737006664276123e-01
5.3612470703125000e+03	3.0681654810905457e-01
5.3617695312500000e+03	3.0626696348190308e-01
5.3622919921875000e+03	3.0572146177291870e-01
5.3628144531250000e+03	3.0518001317977905e-01
5.3633369140625000e+03	3.0464267730712891e-01
5.3638593750000000e+03	3.0410951375961304e-01
5.3643823242187500e+03	3.0358049273490906e-01
5.3649047851562500e+03	3.0305573344230652e-01
5.3654277343750000e+03	3.0253517627716064e-01
5.3659501953125000e+03	3.0201900005340576e-01
5.3664731445312500e+03	3.0150702595710754e-01
5.3669960937500000e+03	3.0099946260452271e-01
5.3675190429687500e+03	3.0049616098403931e-01
5.3680419921875000e+03	2.9999727010726929e-01
5.3685649414062500e+03	2.9950278997421265e-01
5.3690883789062500e+03	2.9901269078254700e-01
5.3696113281250000e+03	2.9852700233459473e-01
5.3701347656250000e+03	2.9804572463035583e-01
5.3706577148437500e+03	2.9756882786750793e-01
5.3711811523437500e+03	2.9709640145301819e-01
5.3717045898437500e+03	2.9662841558456421e-01
5.3722280273437500e+03	2.9616484045982361e-01
5.3727514648437500e+03	2.9570570588111877e-01
5.3732749023437500e+03	2.9525098204612732e-01
5.3737983398437500e+03	2.9480066895484924e-01
5.3743222656250000e+03	2.9435476660728455e-01
5.3748457031250000e+03	2.9391327500343323e-01
5.3753696289062500e+03	2.9347613453865051e-01
5.3758930664062500e+03	2.9304340481758118e-01
5.3764169921875000e+03	2.9261502623558044e-01
5.3769409179687500e+03	2.9219096899032593e-01
5.3774648437500000e+03	2.9177120327949524e-01
5.3779887695312500e+03	2.9135572910308838e-01
5.3785126953125000e+03	2.9094454646110535e-01
5.3790366210937500e+03	2.9053762555122375e-01
5.3795610351562500e+03	2.9013490676879883e-01
5.3800849609375000e+03	2.8973639011383057e-01
5.3806093750000000e+03	2.8934204578399658e-01
5.3811337890625000e+03	2.8895181417465210e-01
5.3816577148437500e+03	2.8856569528579712e-01
5.3821821289062500e+03	2.8818365931510925e-01
5.3827065429687500e+03	2.8780567646026611e-01
5.3832309570312500e+03	2.8743168711662292e-01
5.3837558593750000e+03	2.8706166148185730e-01
5.3842802734375000e+03	2.8669559955596924e-01
5.3848046875000000e+03	2.8633341193199158e-01
5.3853295898437500e+03	2.8597509860992432e-01
5.3858544921875000e+03	2.8562065958976746e-01
5.3863789062500000e+03	2.8527003526687622e-01
5.3869038085937500e+03	2.8492313623428345e-01
5.3874287109375000e+03	2.8457996249198914e-01
5.3879536132812500e+03	2.8424048423767090e-01
5.3884785156250000e+03	2.8390470147132874e-01
5.3890039062500000e+03	2.8357252478599548e-01
5.3895288085937500e+03	2.8324395418167114e-01
5.3900541992187500e+03	2.8291890025138855e-01
