4.5696689453125000e+03	1.3331413269042969e-01
4.5701142578125000e+03	1.3258124887943268e-01
4.5705595703125000e+03	1.3189241290092468e-01
4.5710048828125000e+03	1.3125129044055939e-01
4.5714506835937500e+03	1.3066120445728302e-01
4.5718959960937500e+03	1.3012507557868958e-01
4.5723413085937500e+03	1.2964554131031036e-01
4.5727871093750000e+03	1.2922494113445282e-01
4.5732324218750000e+03	1.2886536121368408e-01
4.5736782226562500e+03	1.2856864929199219e-01
4.5741235351562500e+03	1.2833648920059204e-01
4.5745693359375000e+03	1.2817032635211945e-01
4.5750151367187500e+03	1.2807145714759827e-01
4.5754609375000000e+03	1.2804096937179565e-01
4.5759067382812500e+03	1.2807972729206085e-01
4.5763525390625000e+03	1.2818840146064758e-01
4.5767983398437500e+03	1.2836733460426331e-01
4.5772446289062500e+03	1.2861654162406921e-01
4.5776904296875000e+03	1.2893569469451904e-01
4.5781362304687500e+03	1.2932392954826355e-01
4.5785825195312500e+03	1.2977991998195648e-01
4.5790288085937500e+03	1.3030172884464264e-01
4.5794746093750000e+03	1.3088670372962952e-01
4.5799208984375000e+03	1.3153150677680969e-01
4.5803671875000000e+03	1.3223199546337128e-01
4.5808134765625000e+03	1.3298317790031433e-01
4.5812597656250000e+03	1.3377919793128967e-01
4.5817065429687500e+03	1.3461335003376007e-01
4.5821528320312500e+03	1.3547801971435547e-01
4.5825991210937500e+03	1.3636480271816254e-01
4.5830458984375000e+03	1.3726449012756348e-01
4.5834921875000000e+03	1.3816720247268677e-01
4.5839389648437500e+03	1.3906243443489075e-01
4.5843857421875000e+03	1.3993929326534271e-01
4.5848320312500000e+03	1.4078651368618011e-01
4.5852788085937500e+03	1.4159269630908966e-01
4.5857255859375000e+03	1.4234650135040283e-01
4.5861723632812500e+03	1.4303679764270782e-01
4.5866196289062500e+03	1.4365287125110626e-01
4.5870664062500000e+03	1.4418461918830872e-01
4.5875131835937500e+03	1.4462271332740784e-01
4.5879604492187500e+03	1.4495883882045746e-01
4.5884072265625000e+03	1.4518573880195618e-01
4.5888544921875000e+03	1.4529739320278168e-01
4.5893017578125000e+03	1.4528918266296387e-01
4.5897485351562500e+03	1.4515788853168488e-01
4.5901958007812500e+03	1.4490176737308502e-01
4.5906430664062500e+03	1.4452053606510162e-01
4.5910903320312500e+03	1.4401540160179138e-01
4.5915375976562500e+03	1.4338898658752441e-01
4.5919853515625000e+03	1.4264522492885590e-01
4.5924326171875000e+03	1.4178928732872009e-01
4.5928798828125000e+03	1.4082747697830200e-01
4.5933276367187500e+03	1.3976702094078064e-01
4.5937753906250000e+03	1.3861598074436188e-01
4.5942226562500000e+03	1.3738302886486053e-01
4.5946704101562500e+03	1.3607734441757202e-01
4.5951181640625000e+03	1.3470838963985443e-01
4.5955659179687500e+03	1.3328579068183899e-01
4.5960136718750000e+03	1.3181918859481812e-01
4.5964614257812500e+03	1.3031807541847229e-01
4.5969091796875000e+03	1.2879170477390289e-01
4.5973574218750000e+03	1.2724895775318146e-01
4.5978051757812500e+03	1.2569831311702728e-01
4.5982534179687500e+03	1.2414769828319550e-01
4.5987011718750000e+03	1.2260451912879944e-01
4.5991494140625000e+03	1.2107562273740768e-01
4.5995976562500000e+03	1.1956723034381866e-01
4.6000454101562500e+03	1.1808499693870544e-01
4.6004936523437500e+03	1.1663397401571274e-01
4.6009418945312500e+03	1.1521870642900467e-01
4.6013906250000000e+03	1.1384318023920059e-01
4.6018388671875000e+03	1.1251093447208405e-01
4.6022871093750000e+03	1.1122507601976395e-01
4.6027353515625000e+03	1.0998827964067459e-01
4.6031840820312500e+03	1.0880293697118759e-01
4.6036323242187500e+03	1.0767113417387009e-01
4.6040810546875000e+03	1.0659468173980713e-01
4.6045297851562500e+03	1.0557522624731064e-01
4.6049785156250000e+03	1.0461419820785522e-01
4.6054272460937500e+03	1.0371295362710953e-01
4.6058759765625000e+03	1.0287269204854965e-01
4.6063247070312500e+03	1.0209456086158752e-01
4.6067734375000000e+03	1.0137962549924850e-01
4.6072221679687500e+03	1.0072893649339676e-01
4.6076713867187500e+03	1.0014346987009048e-01
4.6081201171875000e+03	9.9624149501323700e-02
4.6085693359375000e+03	9.9171899259090424e-02
4.6090180664062500e+03	9.8787553608417511e-02
4.6094672851562500e+03	9.8471865057945251e-02
4.6099165039062500e+03	9.8225526511669159e-02
4.6103657226562500e+03	9.8049089312553406e-02
4.6108149414062500e+03	9.7942970693111420e-02
4.6112641601562500e+03	9.7907401621341705e-02
4.6117133789062500e+03	9.7942426800727844e-02
4.6121625976562500e+03	9.8047837615013123e-02
4.6126123046875000e+03	9.8223149776458740e-02
4.6130615234375000e+03	9.8467588424682617e-02
4.6135112304687500e+03	9.8780043423175812e-02
4.6139604492187500e+03	9.9159061908721924e-02
4.6144101562500000e+03	9.9602840840816498e-02
4.6148598632812500e+03	1.0010918229818344e-01
4.6153095703125000e+03	1.0067553818225861e-01
4.6157592773437500e+03	1.0129902511835098e-01
4.6162089843750000e+03	1.0197640210390091e-01
4.6166586914062500e+03	1.0270416736602783e-01
4.6171083984375000e+03	1.0347853600978851e-01
4.6175585937500000e+03	1.0429557412862778e-01
4.6180083007812500e+03	1.0515117645263672e-01
4.6184584960937500e+03	1.0604120045900345e-01
4.6189082031250000e+03	1.0696152597665787e-01
4.6193583984375000e+03	1.0790812224149704e-01
4.6198085937500000e+03	1.0887711495161057e-01
4.6202587890625000e+03	1.0986488312482834e-01
4.6207089843750000e+03	1.1086810380220413e-01
4.6211591796875000e+03	1.1188380420207977e-01
4.6216093750000000e+03	1.1290944367647171e-01
4.6220595703125000e+03	1.1394286900758743e-01
4.6225097656250000e+03	1.1498235166072845e-01
4.6229604492187500e+03	1.1602659523487091e-01
4.6234106445312500e+03	1.1707464605569839e-01
4.6238613281250000e+03	1.1812590062618256e-01
4.6243120117187500e+03	1.1917995661497116e-01
4.6247622070312500e+03	1.2023656815290451e-01
4.6252128906250000e+03	1.2129553407430649e-01
4.6256635742187500e+03	1.2235653400421143e-01
4.6261142578125000e+03	1.2341906875371933e-01
4.6265654296875000e+03	1.2448226660490036e-01
4.6270161132812500e+03	1.2554480135440826e-01
4.6274667968750000e+03	1.2660476565361023e-01
4.6279174804687500e+03	1.2765958905220032e-01
4.6283686523437500e+03	1.2870591878890991e-01
4.6288198242187500e+03	1.2973956763744354e-01
4.6292705078125000e+03	1.3075558841228485e-01
4.6297216796875000e+03	1.3174812495708466e-01
4.6301728515625000e+03	1.3271057605743408e-01
4.6306240234375000e+03	1.3363562524318695e-01
4.6310751953125000e+03	1.3451528549194336e-01
4.6315263671875000e+03	1.3534116744995117e-01
4.6319775390625000e+03	1.3610449433326721e-01
4.6324291992187500e+03	1.3679637014865875e-01
4.6328803710937500e+03	1.3740797340869904e-01
4.6333320312500000e+03	1.3793073594570160e-01
4.6337832031250000e+03	1.3835649192333221e-01
4.6342348632812500e+03	1.3867785036563873e-01
4.6346865234375000e+03	1.3888822495937347e-01
4.6351376953125000e+03	1.3898204267024994e-01
4.6355893554687500e+03	1.3895499706268311e-01
4.6360410156250000e+03	1.3880406320095062e-01
4.6364931640625000e+03	1.3852764666080475e-01
4.6369448242187500e+03	1.3812564313411713e-01
4.6373964843750000e+03	1.3759945333003998e-01
4.6378481445312500e+03	1.3695196807384491e-01
4.6383002929687500e+03	1.3618759810924530e-01
4.6387524414062500e+03	1.3531209528446198e-01
4.6392041015625000e+03	1.3433258235454559e-01
4.6396562500000000e+03	1.3325725495815277e-01
4.6401083984375000e+03	1.3209541141986847e-01
4.6405605468750000e+03	1.3085718452930450e-01
4.6410126953125000e+03	1.2955337762832642e-01
4.6414648437500000e+03	1.2819536030292511e-01
4.6419169921875000e+03	1.2679475545883179e-01
4.6423691406250000e+03	1.2536334991455078e-01
4.6428217773437500e+03	1.2391296029090881e-01
4.6432739257812500e+03	1.2245514243841171e-01
4.6437265625000000e+03	1.2100110203027725e-01
4.6441791992187500e+03	1.1956163495779037e-01
4.6446313476562500e+03	1.1814688146114349e-01
4.6450839843750000e+03	1.1676630377769470e-01
4.6455366210937500e+03	1.1542859673500061e-01
4.6459892578125000e+03	1.1414161324501038e-01
4.6464418945312500e+03	1.1291231960058212e-01
4.6468945312500000e+03	1.1174677312374115e-01
4.6473476562500000e+03	1.1065012961626053e-01
4.6478002929687500e+03	1.0962660610675812e-01
4.6482534179687500e+03	1.0867952555418015e-01
4.6487060546875000e+03	1.0781138390302658e-01
4.6491591796875000e+03	1.0702379047870636e-01
4.6496123046875000e+03	1.0631762444972992e-01
4.6500649414062500e+03	1.0569302737712860e-01
4.6505180664062500e+03	1.0514943301677704e-01
4.6509711914062500e+03	1.0468571633100510e-01
4.6514243164062500e+03	1.0430017858743668e-01
4.6518779296875000e+03	1.0399064421653748e-01
4.6523310546875000e+03	1.0375452786684036e-01
4.6527841796875000e+03	1.0358884185552597e-01
4.6532377929687500e+03	1.0349035263061523e-01
4.6536909179687500e+03	1.0345553606748581e-01
4.6541445312500000e+03	1.0348070412874222e-01
4.6545981445312500e+03	1.0356200486421585e-01
4.6550517578125000e+03	1.0369548201560974e-01
4.6555048828125000e+03	1.0387714952230453e-01
4.6559584960937500e+03	1.0410296916961670e-01
4.6564125976562500e+03	1.0436894744634628e-01
4.6568662109375000e+03	1.0467110574245453e-01
4.6573198242187500e+03	1.0500555485486984e-01
4.6577734375000000e+03	1.0536849498748779e-01
4.6582275390625000e+03	1.0575625300407410e-01
4.6586811523437500e+03	1.0616525262594223e-01
4.6591352539062500e+03	1.0659208148717880e-01
4.6595893554687500e+03	1.0703349113464355e-01
4.6600434570312500e+03	1.0748635232448578e-01
4.6604975585937500e+03	1.0794772952795029e-01
4.6609516601562500e+03	1.0841481387615204e-01
4.6614057617187500e+03	1.0888493806123734e-01
4.6618598632812500e+03	1.0935560613870621e-01
4.6623139648437500e+03	1.0982440412044525e-01
4.6627685546875000e+03	1.1028905957937241e-01
4.6632226562500000e+03	1.1074735969305038e-01
4.6636772460937500e+03	1.1119717359542847e-01
4.6641313476562500e+03	1.1163642257452011e-01
4.6645859375000000e+03	1.1206299811601639e-01
4.6650405273437500e+03	1.1247484385967255e-01
4.6654951171875000e+03	1.1286980658769608e-01
4.6659497070312500e+03	1.1324574053287506e-01
4.6664042968750000e+03	1.1360038816928864e-01
4.6668588867187500e+03	1.1393140256404877e-01
4.6673134765625000e+03	1.1423635482788086e-01
4.6677685546875000e+03	1.1451268941164017e-01
4.6682231445312500e+03	1.1475779861211777e-01
4.6686782226562500e+03	1.1496891826391220e-01
4.6691328125000000e+03	1.1514328420162201e-01
4.6695878906250000e+03	1.1527805030345917e-01
4.6700429687500000e+03	1.1537037789821625e-01
4.6704980468750000e+03	1.1541748046875000e-01
4.6709531250000000e+03	1.1541664600372314e-01
4.6714082031250000e+03	1.1536531150341034e-01
4.6718632812500000e+03	1.1526113003492355e-01
4.6723183593750000e+03	1.1510202288627625e-01
4.6727739257812500e+03	1.1488623172044754e-01
4.6732290039062500e+03	1.1461240798234940e-01
4.6736845703125000e+03	1.1427962779998779e-01
4.6741396484375000e+03	1.1388748884201050e-01
4.6745952148437500e+03	1.1343611031770706e-01
4.6750507812500000e+03	1.1292620003223419e-01
4.6755063476562500e+03	1.1235903948545456e-01
4.6759619140625000e+03	1.1173652112483978e-01
4.6764174804687500e+03	1.1106112599372864e-01
4.6768730468750000e+03	1.1033593118190765e-01
4.6773286132812500e+03	1.0956452041864395e-01
4.6777846679687500e+03	1.0875098407268524e-01
4.6782402343750000e+03	1.0789988934993744e-01
4.6786962890625000e+03	1.0701613128185272e-01
4.6791518554687500e+03	1.0610494017601013e-01
4.6796079101562500e+03	1.0517176240682602e-01
4.6800639648437500e+03	1.0422217100858688e-01
4.6805200195312500e+03	1.0326181352138519e-01
4.6809760742187500e+03	1.0229631513357162e-01
4.6814321289062500e+03	1.0133115947246552e-01
4.6818881835937500e+03	1.0037169605493546e-01
4.6823442382812500e+03	9.9423006176948547e-02
4.6828007812500000e+03	9.8489865660667419e-02
4.6832568359375000e+03	9.7576707601547241e-02
4.6837133789062500e+03	9.6687585115432739e-02
4.6841694335937500e+03	9.5826119184494019e-02
4.6846259765625000e+03	9.4995498657226562e-02
4.6850825195312500e+03	9.4198495149612427e-02
4.6855390625000000e+03	9.3437418341636658e-02
4.6859956054687500e+03	9.2714183032512665e-02
4.6864521484375000e+03	9.2030286788940430e-02
4.6869086914062500e+03	9.1386847198009491e-02
4.6873652343750000e+03	9.0784639120101929e-02
4.6878222656250000e+03	9.0224131941795349e-02
4.6882788085937500e+03	8.9705504477024078e-02
4.6887358398437500e+03	8.9228689670562744e-02
4.6891923828125000e+03	8.8793449103832245e-02
4.6896494140625000e+03	8.8399335741996765e-02
4.6901064453125000e+03	8.8045768439769745e-02
4.6905634765625000e+03	8.7732076644897461e-02
4.6910205078125000e+03	8.7457470595836639e-02
4.6914775390625000e+03	8.7221115827560425e-02
4.6919345703125000e+03	8.7022110819816589e-02
4.6923920898437500e+03	8.6859531700611115e-02
4.6928491210937500e+03	8.6732409894466400e-02
4.6933061523437500e+03	8.6639724671840668e-02
4.6937636718750000e+03	8.6580477654933929e-02
4.6942211914062500e+03	8.6553581058979034e-02
4.6946782226562500e+03	8.6557939648628235e-02
4.6951357421875000e+03	8.6592383682727814e-02
4.6955932617187500e+03	8.6655706167221069e-02
4.6960507812500000e+03	8.6746603250503540e-02
4.6965083007812500e+03	8.6863704025745392e-02
4.6969658203125000e+03	8.7005555629730225e-02
4.6974238281250000e+03	8.7170556187629700e-02
4.6978813476562500e+03	8.7357059121131897e-02
4.6983388671875000e+03	8.7563224136829376e-02
4.6987968750000000e+03	8.7787173688411713e-02
4.6992548828125000e+03	8.8026858866214752e-02
4.6997124023437500e+03	8.8280133903026581e-02
4.7001704101562500e+03	8.8544778525829315e-02
4.7006284179687500e+03	8.8818423449993134e-02
4.7010864257812500e+03	8.9098699390888214e-02
4.7015444335937500e+03	8.9383132755756378e-02
4.7020029296875000e+03	8.9669242501258850e-02
4.7024609375000000e+03	8.9954547584056854e-02
4.7029189453125000e+03	9.0236581861972809e-02
4.7033774414062500e+03	9.0512968599796295e-02
4.7038354492187500e+03	9.0781383216381073e-02
4.7042939453125000e+03	9.1039642691612244e-02
4.7047524414062500e+03	9.1285713016986847e-02
4.7052104492187500e+03	9.1517731547355652e-02
4.7056689453125000e+03	9.1734051704406738e-02
4.7061274414062500e+03	9.1933250427246094e-02
4.7065864257812500e+03	9.2114143073558807e-02
4.7070449218750000e+03	9.2275813221931458e-02
4.7075034179687500e+03	9.2417612671852112e-02
4.7079619140625000e+03	9.2539139091968536e-02
4.7084208984375000e+03	9.2640288174152374e-02
4.7088798828125000e+03	9.2721194028854370e-02
4.7093383789062500e+03	9.2782236635684967e-02
4.7097973632812500e+03	9.2824034392833710e-02
4.7102563476562500e+03	9.2847369611263275e-02
4.7107153320312500e+03	9.2853255569934845e-02
4.7111743164062500e+03	9.2842809855937958e-02
4.7116333007812500e+03	9.2817284166812897e-02
4.7120922851562500e+03	9.2778004705905914e-02
4.7125512695312500e+03	9.2726364731788635e-02
4.7130107421875000e+03	9.2663779854774475e-02
4.7134697265625000e+03	9.2591658234596252e-02
4.7139291992187500e+03	9.2511378228664398e-02
4.7143886718750000e+03	9.2424266040325165e-02
4.7148476562500000e+03	9.2331603169441223e-02
4.7153071289062500e+03	9.2234589159488678e-02
4.7157666015625000e+03	9.2134311795234680e-02
4.7162260742187500e+03	9.2031791806221008e-02
4.7166855468750000e+03	9.1927975416183472e-02
4.7171450195312500e+03	9.1823697090148926e-02
4.7176049804687500e+03	9.1719731688499451e-02
4.7180644531250000e+03	9.1616794466972351e-02
4.7185244140625000e+03	9.1515563428401947e-02
4.7189838867187500e+03	9.1416664421558380e-02
4.7194438476562500e+03	9.1320693492889404e-02
4.7199038085937500e+03	9.1228283941745758e-02
4.7203637695312500e+03	9.1140039265155792e-02
4.7208237304687500e+03	9.1056622564792633e-02
4.7212836914062500e+03	9.0978689491748810e-02
4.7217436523437500e+03	9.0906947851181030e-02
4.7222036132812500e+03	9.0842142701148987e-02
4.7226635742187500e+03	9.0785048902034760e-02
4.7231240234375000e+03	9.0736463665962219e-02
4.7235839843750000e+03	9.0697191655635834e-02
4.7240444335937500e+03	9.0668015182018280e-02
4.7245043945312500e+03	9.0649686753749847e-02
4.7249648437500000e+03	9.0642936527729034e-02
4.7254252929687500e+03	9.0648360550403595e-02
4.7258857421875000e+03	9.0666458010673523e-02
4.7263461914062500e+03	9.0697579085826874e-02
4.7268066406250000e+03	9.0741857886314392e-02
4.7272675781250000e+03	9.0799249708652496e-02
4.7277280273437500e+03	9.0869463980197906e-02
4.7281884765625000e+03	9.0951904654502869e-02
4.7286494140625000e+03	9.1045744717121124e-02
4.7291098632812500e+03	9.1149799525737762e-02
4.7295708007812500e+03	9.1262608766555786e-02
4.7300317382812500e+03	9.1382429003715515e-02
4.7304926757812500e+03	9.1507188975811005e-02
4.7309536132812500e+03	9.1634564101696014e-02
4.7314145507812500e+03	9.1762013733386993e-02
4.7318754882812500e+03	9.1886751353740692e-02
4.7323364257812500e+03	9.2005893588066101e-02
4.7327978515625000e+03	9.2116415500640869e-02
4.7332587890625000e+03	9.2215262353420258e-02
4.7337202148437500e+03	9.2299416661262512e-02
4.7341811523437500e+03	9.2365935444831848e-02
4.7346425781250000e+03	9.2412024736404419e-02
4.7351040039062500e+03	9.2435128986835480e-02
4.7355654296875000e+03	9.2432960867881775e-02
4.7360268554687500e+03	9.2403538525104523e-02
4.7364882812500000e+03	9.2345289885997772e-02
4.7369497070312500e+03	9.2257045209407806e-02
4.7374111328125000e+03	9.2138074338436127e-02
4.7378725585937500e+03	9.1988094151020050e-02
4.7383344726562500e+03	9.1807313263416290e-02
4.7387958984375000e+03	9.1596379876136780e-02
4.7392578125000000e+03	9.1356359422206879e-02
4.7397197265625000e+03	9.1088771820068359e-02
4.7401816406250000e+03	9.0795479714870453e-02
4.7406435546875000e+03	9.0478681027889252e-02
4.7411054687500000e+03	9.0140856802463531e-02
4.7415673828125000e+03	8.9784719049930573e-02
4.7420292968750000e+03	8.9413128793239594e-02
4.7424912109375000e+03	8.9029051363468170e-02
4.7429536132812500e+03	8.8635496795177460e-02
4.7434155273437500e+03	8.8235482573509216e-02
4.7438779296875000e+03	8.7831951677799225e-02
4.7443398437500000e+03	8.7427712976932526e-02
4.7448022460937500e+03	8.7025471031665802e-02
4.7452646484375000e+03	8.6627699434757233e-02
4.7457270507812500e+03	8.6236692965030670e-02
4.7461894531250000e+03	8.5854478180408478e-02
4.7466518554687500e+03	8.5482865571975708e-02
4.7471142578125000e+03	8.5123389959335327e-02
4.7475766601562500e+03	8.4777325391769409e-02
4.7480395507812500e+03	8.4445729851722717e-02
4.7485019531250000e+03	8.4129385650157928e-02
4.7489648437500000e+03	8.3828844130039215e-02
4.7494272460937500e+03	8.3544477820396423e-02
4.7498901367187500e+03	8.3276428282260895e-02
4.7503530273437500e+03	8.3024717867374420e-02
4.7508159179687500e+03	8.2789152860641479e-02
4.7512788085937500e+03	8.2569465041160583e-02
4.7517416992187500e+03	8.2365222275257111e-02
4.7522045898437500e+03	8.2175940275192261e-02
4.7526679687500000e+03	8.2001052796840668e-02
4.7531308593750000e+03	8.1839941442012787e-02
4.7535942382812500e+03	8.1691928207874298e-02
4.7540571289062500e+03	8.1556327641010284e-02
4.7545205078125000e+03	8.1432424485683441e-02
4.7549838867187500e+03	8.1319503486156464e-02
4.7554467773437500e+03	8.1226386129856110e-02
4.7559101562500000e+03	8.1134200096130371e-02
4.7563735351562500e+03	8.1050977110862732e-02
4.7568374023437500e+03	8.0976046621799469e-02
4.7573007812500000e+03	8.0908805131912231e-02
4.7577641601562500e+03	8.0848634243011475e-02
4.7582280273437500e+03	8.0794960260391235e-02
4.7586914062500000e+03	8.0747239291667938e-02
4.7591552734375000e+03	8.0704979598522186e-02
4.7596186523437500e+03	8.0667689442634583e-02
4.7600825195312500e+03	8.0634951591491699e-02
4.7605463867187500e+03	8.0606341361999512e-02
4.7610102539062500e+03	8.0581501126289368e-02
4.7614741210937500e+03	8.0560073256492615e-02
4.7619379882812500e+03	8.0541767179965973e-02
4.7624018554687500e+03	8.0526277422904968e-02
4.7628662109375000e+03	8.0513380467891693e-02
4.7633300781250000e+03	8.0502845346927643e-02
4.7637944335937500e+03	8.0494455993175507e-02
4.7642583007812500e+03	8.0488063395023346e-02
4.7647226562500000e+03	8.0483496189117432e-02
4.7651870117187500e+03	8.0480642616748810e-02
4.7656513671875000e+03	8.0479383468627930e-02
4.7661157226562500e+03	8.0479621887207031e-02
4.7665800781250000e+03	8.0481283366680145e-02
4.7670444335937500e+03	8.0484300851821899e-02
4.7675087890625000e+03	8.0488644540309906e-02
4.7679736328125000e+03	8.0494254827499390e-02
4.7684379882812500e+03	8.0501109361648560e-02
4.7689028320312500e+03	8.0509193241596222e-02
4.7693671875000000e+03	8.0518491566181183e-02
4.7698320312500000e+03	8.0529004335403442e-02
4.7702968750000000e+03	8.0540738999843597e-02
4.7707617187500000e+03	8.0553680658340454e-02
4.7712265625000000e+03	8.0567851662635803e-02
4.7716914062500000e+03	8.0583274364471436e-02
4.7721562500000000e+03	8.0599948763847351e-02
4.7726210937500000e+03	8.0617904663085938e-02
4.7730864257812500e+03	8.0637164413928986e-02
4.7735512695312500e+03	8.0657750368118286e-02
4.7740166015625000e+03	8.0679684877395630e-02
4.7744819335937500e+03	8.0703012645244598e-02
4.7749467773437500e+03	8.0727763473987579e-02
4.7754121093750000e+03	8.0753974616527557e-02
4.7758774414062500e+03	8.0781698226928711e-02
4.7763427734375000e+03	8.0810979008674622e-02
4.7768081054687500e+03	8.0841891467571259e-02
4.7772734375000000e+03	8.0874487757682800e-02
4.7777392578125000e+03	8.0908864736557007e-02
4.7782045898437500e+03	8.0945096909999847e-02
4.7786704101562500e+03	8.0983296036720276e-02
4.7791357421875000e+03	8.1023573875427246e-02
4.7796015625000000e+03	8.1066049635410309e-02
4.7800673828125000e+03	8.1110887229442596e-02
4.7805332031250000e+03	8.1158220767974854e-02
4.7809990234375000e+03	8.1208258867263794e-02
4.7814648437500000e+03	8.1261172890663147e-02
4.7819306640625000e+03	8.1317171454429626e-02
4.7823964843750000e+03	8.1376515328884125e-02
4.7828623046875000e+03	8.1439428031444550e-02
4.7833286132812500e+03	8.1506192684173584e-02
4.7837944335937500e+03	8.1577092409133911e-02
4.7842607421875000e+03	8.1652440130710602e-02
4.7847270507812500e+03	8.1732586026191711e-02
4.7851928710937500e+03	8.1817865371704102e-02
4.7856591796875000e+03	8.1908665597438812e-02
4.7861254882812500e+03	8.2005359232425690e-02
4.7865917968750000e+03	8.2108408212661743e-02
4.7870585937500000e+03	8.2218229770660400e-02
4.7875249023437500e+03	8.2335300743579865e-02
4.7879912109375000e+03	8.2460127770900726e-02
4.7884580078125000e+03	8.2593217492103577e-02
4.7889243164062500e+03	8.2735121250152588e-02
4.7893911132812500e+03	8.2886420190334320e-02
4.7898574218750000e+03	8.3047732710838318e-02
4.7903242187500000e+03	8.3219654858112335e-02
4.7907910156250000e+03	8.3402894437313080e-02
4.7912578125000000e+03	8.3598122000694275e-02
4.7917246093750000e+03	8.3806067705154419e-02
4.7921918945312500e+03	8.4027476608753204e-02
4.7926586914062500e+03	8.4263123571872711e-02
4.7931254882812500e+03	8.4513835608959198e-02
4.7935927734375000e+03	8.4780402481555939e-02
4.7940595703125000e+03	8.5063703358173370e-02
4.7945268554687500e+03	8.5373707115650177e-02
4.7949941406250000e+03	8.5693687200546265e-02
4.7954614257812500e+03	8.6033061146736145e-02
4.7959282226562500e+03	8.6392737925052643e-02
4.7963955078125000e+03	8.6773604154586792e-02
4.7968632812500000e+03	8.7176546454429626e-02
4.7973305664062500e+03	8.7602451443672180e-02
4.7977978515625000e+03	8.8052220642566681e-02
4.7982656250000000e+03	8.8526688516139984e-02
4.7987329101562500e+03	8.9026711881160736e-02
4.7992006835937500e+03	8.9553117752075195e-02
4.7996679687500000e+03	9.0106725692749023e-02
4.8001357421875000e+03	9.0688303112983704e-02
4.8006035156250000e+03	9.1298677027225494e-02
4.8010712890625000e+03	9.1938585042953491e-02
4.8015390625000000e+03	9.2608824372291565e-02
4.8020068359375000e+03	9.3310169875621796e-02
4.8024746093750000e+03	9.4043426215648651e-02
4.8029428710937500e+03	9.4809405505657196e-02
4.8034106445312500e+03	9.5608986914157867e-02
4.8038789062500000e+03	9.6443057060241699e-02
4.8043466796875000e+03	9.7312591969966888e-02
4.8048149414062500e+03	9.8218657076358795e-02
4.8052832031250000e+03	9.9162332713603973e-02
4.8057514648437500e+03	1.0014485567808151e-01
4.8062197265625000e+03	1.0116749256849289e-01
4.8066879882812500e+03	1.0223166644573212e-01
4.8071562500000000e+03	1.0333885252475739e-01
4.8076245117187500e+03	1.0449066013097763e-01
4.8080932617187500e+03	1.0568875074386597e-01
4.8085615234375000e+03	1.0694406926631927e-01
4.8090302734375000e+03	1.0824207961559296e-01
4.8094985351562500e+03	1.0959226638078690e-01
4.8099672851562500e+03	1.1099666357040405e-01
4.8104360351562500e+03	1.1245728284120560e-01
4.8109047851562500e+03	1.1397623270750046e-01
4.8113735351562500e+03	1.1555558443069458e-01
4.8118422851562500e+03	1.1719740182161331e-01
4.8123110351562500e+03	1.1890374869108200e-01
4.8127802734375000e+03	1.2067660689353943e-01
4.8132490234375000e+03	1.2251795828342438e-01
4.8137177734375000e+03	1.2442970275878906e-01
4.8141870117187500e+03	1.2641362845897675e-01
4.8146562500000000e+03	1.2847153842449188e-01
4.8151250000000000e+03	1.3060508668422699e-01
4.8155942382812500e+03	1.3281589746475220e-01
4.8160634765625000e+03	1.3510547578334808e-01
4.8165327148437500e+03	1.3747531175613403e-01
4.8170019531250000e+03	1.3992679119110107e-01
4.8174716796875000e+03	1.4246121048927307e-01
4.8179409179687500e+03	1.4507988095283508e-01
4.8184101562500000e+03	1.4778396487236023e-01
4.8188798828125000e+03	1.5057463943958282e-01
4.8193496093750000e+03	1.5345300734043121e-01
4.8198188476562500e+03	1.5642012655735016e-01
4.8202885742187500e+03	1.5947696566581726e-01
4.8207583007812500e+03	1.6262455284595490e-01
4.8212280273437500e+03	1.6586381196975708e-01
4.8216977539062500e+03	1.6919565200805664e-01
4.8221674804687500e+03	1.7262101173400879e-01
4.8226376953125000e+03	1.7614082992076874e-01
4.8231074218750000e+03	1.7975613474845886e-01
4.8235771484375000e+03	1.8346798419952393e-01
4.8240473632812500e+03	1.8727755546569824e-01
4.8245175781250000e+03	1.9118626415729523e-01
4.8249873046875000e+03	1.9519570469856262e-01
4.8254575195312500e+03	1.9930779933929443e-01
4.8259277343750000e+03	2.0352484285831451e-01
4.8263979492187500e+03	2.0784954726696014e-01
4.8268681640625000e+03	2.1228513121604919e-01
4.8273383789062500e+03	2.1683545410633087e-01
4.8278090820312500e+03	2.2150506079196930e-01
4.8282792968750000e+03	2.2629913687705994e-01
4.8287500000000000e+03	2.3122380673885345e-01
4.8292202148437500e+03	2.3628589510917664e-01
4.8296909179687500e+03	2.4149321019649506e-01
4.8301616210937500e+03	2.4685445427894592e-01
4.8306318359375000e+03	2.5237923860549927e-01
4.8311025390625000e+03	2.5807809829711914e-01
4.8315732421875000e+03	2.6396232843399048e-01
4.8320444335937500e+03	2.7004414796829224e-01
4.8325151367187500e+03	2.7633646130561829e-01
4.8329858398437500e+03	2.8285285830497742e-01
4.8334570312500000e+03	2.8960743546485901e-01
4.8339277343750000e+03	2.9661467671394348e-01
4.8343989257812500e+03	3.0388930439949036e-01
4.8348696289062500e+03	3.1144624948501587e-01
4.8353408203125000e+03	3.1930029392242432e-01
4.8358120117187500e+03	3.2746598124504089e-01
4.8362832031250000e+03	3.3595752716064453e-01
4.8367543945312500e+03	3.4478849172592163e-01
4.8372255859375000e+03	3.5397171974182129e-01
4.8376972656250000e+03	3.6351898312568665e-01
4.8381684570312500e+03	3.7344110012054443e-01
4.8386401367187500e+03	3.8374739885330200e-01
4.8391113281250000e+03	3.9444580674171448e-01
4.8395830078125000e+03	4.0554267168045044e-01
4.8400546875000000e+03	4.1704252362251282e-01
4.8405258789062500e+03	4.2894789576530457e-01
4.8409975585937500e+03	4.4125923514366150e-01
4.8414692382812500e+03	4.5397487282752991e-01
4.8419409179687500e+03	4.6709081530570984e-01
4.8424130859375000e+03	4.8060056567192078e-01
4.8428847656250000e+03	4.9449524283409119e-01
4.8433564453125000e+03	5.0876331329345703e-01
4.8438286132812500e+03	5.2339053153991699e-01
4.8443002929687500e+03	5.3836011886596680e-01
4.8447724609375000e+03	5.5365246534347534e-01
4.8452446289062500e+03	5.6924504041671753e-01
4.8457167968750000e+03	5.8511298894882202e-01
4.8461889648437500e+03	6.0122835636138916e-01
4.8466611328125000e+03	6.1756080389022827e-01
4.8471333007812500e+03	6.3407701253890991e-01
4.8476054687500000e+03	6.5074157714843750e-01
4.8480781250000000e+03	6.6751646995544434e-01
4.8485502929687500e+03	6.8436145782470703e-01
4.8490229492187500e+03	7.0123428106307983e-01
4.8494951171875000e+03	7.1809053421020508e-01
4.8499677734375000e+03	7.3488432168960571e-01
4.8504404296875000e+03	7.5156819820404053e-01
4.8509130859375000e+03	7.6809370517730713e-01
4.8513857421875000e+03	7.8441119194030762e-01
4.8518583984375000e+03	8.0047041177749634e-01
4.8523310546875000e+03	8.1622081995010376e-01
4.8528037109375000e+03	8.3161193132400513e-01
4.8532768554687500e+03	8.4659349918365479e-01
4.8537495117187500e+03	8.6111623048782349e-01
4.8542226562500000e+03	8.7513118982315063e-01
4.8546953125000000e+03	8.8859128952026367e-01
4.8551684570312500e+03	9.0145111083984375e-01
4.8556416015625000e+03	9.1366720199584961e-01
4.8561147460937500e+03	9.2519831657409668e-01
4.8565878906250000e+03	9.3600606918334961e-01
4.8570610351562500e+03	9.4605505466461182e-01
4.8575341796875000e+03	9.5531272888183594e-01
4.8580078125000000e+03	9.6375066041946411e-01
4.8584809570312500e+03	9.7134339809417725e-01
4.8589545898437500e+03	9.7807002067565918e-01
4.8594277343750000e+03	9.8391330242156982e-01
4.8599013671875000e+03	9.8886030912399292e-01
4.8603750000000000e+03	9.9290239810943604e-01
4.8608486328125000e+03	9.9603521823883057e-01
4.8613222656250000e+03	9.9825876951217651e-01
4.8617958984375000e+03	9.9957746267318726e-01
4.8622695312500000e+03	1.0000000000000000e+00
4.8627431640625000e+03	9.9953907728195190e-01
4.8632172851562500e+03	9.9821180105209351e-01
4.8636909179687500e+03	9.9603873491287231e-01
4.8641650390625000e+03	9.9304479360580444e-01
4.8646386718750000e+03	9.8925751447677612e-01
4.8651127929687500e+03	9.8470848798751831e-01
4.8655869140625000e+03	9.7943168878555298e-01
4.8660610351562500e+03	9.7346407175064087e-01
4.8665351562500000e+03	9.6684485673904419e-01
4.8670092773437500e+03	9.5961511135101318e-01
4.8674833984375000e+03	9.5181763172149658e-01
4.8679575195312500e+03	9.4349664449691772e-01
4.8684321289062500e+03	9.3469697237014771e-01
4.8689062500000000e+03	9.2546433210372925e-01
4.8693808593750000e+03	9.1584438085556030e-01
4.8698554687500000e+03	9.0588289499282837e-01
4.8703295898437500e+03	8.9562487602233887e-01
4.8708041992187500e+03	8.8511472940444946e-01
4.8712788085937500e+03	8.7439537048339844e-01
4.8717534179687500e+03	8.6350870132446289e-01
4.8722280273437500e+03	8.5249489545822144e-01
4.8727031250000000e+03	8.4139162302017212e-01
4.8731777343750000e+03	8.3023518323898315e-01
4.8736528320312500e+03	8.1905931234359741e-01
4.8741274414062500e+03	8.0789500474929810e-01
4.8746025390625000e+03	7.9677098989486694e-01
4.8750771484375000e+03	7.8571325540542603e-01
4.8755522460937500e+03	7.7474546432495117e-01
4.8760273437500000e+03	7.6388794183731079e-01
4.8765024414062500e+03	7.5315916538238525e-01
4.8769775390625000e+03	7.4257451295852661e-01
4.8774531250000000e+03	7.3214703798294067e-01
4.8779282226562500e+03	7.2188764810562134e-01
4.8784033203125000e+03	7.1180486679077148e-01
4.8788789062500000e+03	7.0190531015396118e-01
4.8793540039062500e+03	6.9219332933425903e-01
4.8798295898437500e+03	6.8267220258712769e-01
4.8803051757812500e+03	6.7334330081939697e-01
4.8807807617187500e+03	6.6420680284500122e-01
4.8812563476562500e+03	6.5526157617568970e-01
4.8817319335937500e+03	6.4650577306747437e-01
4.8822075195312500e+03	6.3793671131134033e-01
4.8826831054687500e+03	6.2955087423324585e-01
4.8831586914062500e+03	6.2134438753128052e-01
4.8836347656250000e+03	6.1331290006637573e-01
4.8841103515625000e+03	6.0545188188552856e-01
4.8845864257812500e+03	5.9775638580322266e-01
4.8850625000000000e+03	5.9022146463394165e-01
4.8855385742187500e+03	5.8284211158752441e-01
4.8860146484375000e+03	5.7562226057052612e-01
4.8864907226562500e+03	5.6853890419006348e-01
4.8869667968750000e+03	5.6159543991088867e-01
4.8874428710937500e+03	5.5478662252426147e-01
4.8879189453125000e+03	5.4810726642608643e-01
4.8883955078125000e+03	5.4155194759368896e-01
4.8888715820312500e+03	5.3511565923690796e-01
4.8893481445312500e+03	5.2879285812377930e-01
4.8898242187500000e+03	5.2257853746414185e-01
4.8903007812500000e+03	5.1646751165390015e-01
4.8907773437500000e+03	5.1045465469360352e-01
4.8912539062500000e+03	5.0453484058380127e-01
4.8917304687500000e+03	4.9870324134826660e-01
4.8922070312500000e+03	4.9295511841773987e-01
4.8926835937500000e+03	4.8728591203689575e-01
4.8931606445312500e+03	4.8169121146202087e-01
4.8936372070312500e+03	4.7616702318191528e-01
4.8941142578125000e+03	4.7070956230163574e-01
4.8945908203125000e+03	4.6531537175178528e-01
4.8950678710937500e+03	4.5998141169548035e-01
4.8955449218750000e+03	4.5470488071441650e-01
4.8960219726562500e+03	4.4948348402976990e-01
4.8964990234375000e+03	4.4431534409523010e-01
4.8969760742187500e+03	4.3919879198074341e-01
4.8974531250000000e+03	4.3413275480270386e-01
4.8979301757812500e+03	4.2911639809608459e-01
4.8984077148437500e+03	4.2414924502372742e-01
4.8988847656250000e+03	4.1923123598098755e-01
4.8993623046875000e+03	4.1436246037483215e-01
4.8998393554687500e+03	4.0954342484474182e-01
4.9003168945312500e+03	4.0477478504180908e-01
4.9007944335937500e+03	4.0005728602409363e-01
4.9012719726562500e+03	3.9539220929145813e-01
4.9017495117187500e+03	3.9078056812286377e-01
4.9022270507812500e+03	3.8622379302978516e-01
4.9027045898437500e+03	3.8172334432601929e-01
4.9031826171875000e+03	3.7728062272071838e-01
4.9036601562500000e+03	3.7289732694625854e-01
4.9041381835937500e+03	3.6857500672340393e-01
4.9046157226562500e+03	3.6431539058685303e-01
4.9050937500000000e+03	3.6012011766433716e-01
4.9055717773437500e+03	3.5599097609519958e-01
4.9060498046875000e+03	3.5192972421646118e-01
4.9065278320312500e+03	3.4793809056282043e-01
4.9070058593750000e+03	3.4401795268058777e-01
4.9074838867187500e+03	3.4017103910446167e-01
4.9079619140625000e+03	3.3639931678771973e-01
4.9084404296875000e+03	3.3270454406738281e-01
4.9089184570312500e+03	3.2908871769905090e-01
4.9093969726562500e+03	3.2555389404296875e-01
4.9098754882812500e+03	3.2210198044776917e-01
4.9103535156250000e+03	3.1873512268066406e-01
4.9108320312500000e+03	3.1545555591583252e-01
4.9113105468750000e+03	3.1226557493209839e-01
4.9117890625000000e+03	3.0916744470596313e-01
4.9122675781250000e+03	3.0616372823715210e-01
4.9127465820312500e+03	3.0324849486351013e-01
4.9132250976562500e+03	3.0044275522232056e-01
4.9137036132812500e+03	2.9773899912834167e-01
4.9141826171875000e+03	2.9513999819755554e-01
4.9146616210937500e+03	2.9264855384826660e-01
4.9151401367187500e+03	2.9026722908020020e-01
4.9156191406250000e+03	2.8799867630004883e-01
4.9160981445312500e+03	2.8584516048431396e-01
4.9165771484375000e+03	2.8380876779556274e-01
4.9170561523437500e+03	2.8189110755920410e-01
4.9175351562500000e+03	2.8009325265884399e-01
4.9180146484375000e+03	2.7841565012931824e-01
4.9184936523437500e+03	2.7685800194740295e-01
4.9189731445312500e+03	2.7541908621788025e-01
4.9194521484375000e+03	2.7409669756889343e-01
4.9199316406250000e+03	2.7288746833801270e-01
4.9204111328125000e+03	2.7178686857223511e-01
4.9208906250000000e+03	2.7078896760940552e-01
4.9213701171875000e+03	2.6988664269447327e-01
4.9218496093750000e+03	2.6907122135162354e-01
4.9223291015625000e+03	2.6833286881446838e-01
4.9228085937500000e+03	2.6766034960746765e-01
4.9232880859375000e+03	2.6704126596450806e-01
4.9237680664062500e+03	2.6646202802658081e-01
4.9242475585937500e+03	2.6590833067893982e-01
4.9247275390625000e+03	2.6536503434181213e-01
4.9252075195312500e+03	2.6481652259826660e-01
4.9256875000000000e+03	2.6424703001976013e-01
4.9261674804687500e+03	2.6364079117774963e-01
4.9266474609375000e+03	2.6298251748085022e-01
4.9271274414062500e+03	2.6225739717483521e-01
4.9276074218750000e+03	2.6145172119140625e-01
4.9280874023437500e+03	2.6055297255516052e-01
4.9285678710937500e+03	2.5955006480216980e-01
4.9290478515625000e+03	2.5843369960784912e-01
4.9295283203125000e+03	2.5719642639160156e-01
4.9300083007812500e+03	2.5583279132843018e-01
4.9304887695312500e+03	2.5433960556983948e-01
4.9309692382812500e+03	2.5271579623222351e-01
4.9314497070312500e+03	2.5096237659454346e-01
4.9319301757812500e+03	2.4908265471458435e-01
4.9324106445312500e+03	2.4708186089992523e-01
4.9328916015625000e+03	2.4496716260910034e-01
4.9333720703125000e+03	2.4274738132953644e-01
4.9338525390625000e+03	2.4043282866477966e-01
4.9343334960937500e+03	2.3803503811359406e-01
4.9348144531250000e+03	2.3556658625602722e-01
4.9352949218750000e+03	2.3304069042205811e-01
4.9357758789062500e+03	2.3047101497650146e-01
4.9362568359375000e+03	2.2787147760391235e-01
4.9367377929687500e+03	2.2525583207607269e-01
4.9372187500000000e+03	2.2263751924037933e-01
4.9377001953125000e+03	2.2002954781055450e-01
4.9381811523437500e+03	2.1744412183761597e-01
4.9386621093750000e+03	2.1489265561103821e-01
4.9391435546875000e+03	2.1238549053668976e-01
4.9396245117187500e+03	2.0993198454380035e-01
4.9401059570312500e+03	2.0754024386405945e-01
4.9405874023437500e+03	2.0521719753742218e-01
4.9410688476562500e+03	2.0296865701675415e-01
4.9415502929687500e+03	2.0079904794692993e-01
4.9420317382812500e+03	1.9871181249618530e-01
4.9425131835937500e+03	1.9670914113521576e-01
4.9429946289062500e+03	1.9479225575923920e-01
4.9434765625000000e+03	1.9296129047870636e-01
4.9439580078125000e+03	1.9121550023555756e-01
4.9444399414062500e+03	1.8955333530902863e-01
4.9449213867187500e+03	1.8797250092029572e-01
4.9454033203125000e+03	1.8647004663944244e-01
4.9458852539062500e+03	1.8504242599010468e-01
4.9463671875000000e+03	1.8368573486804962e-01
4.9468491210937500e+03	1.8239559233188629e-01
4.9473310546875000e+03	1.8116740882396698e-01
4.9478134765625000e+03	1.7999637126922607e-01
4.9482954101562500e+03	1.7887751758098602e-01
4.9487773437500000e+03	1.7780591547489166e-01
4.9492597656250000e+03	1.7677666246891022e-01
4.9497416992187500e+03	1.7578491568565369e-01
4.9502241210937500e+03	1.7482601106166840e-01
4.9507065429687500e+03	1.7389556765556335e-01
4.9511889648437500e+03	1.7298947274684906e-01
4.9516713867187500e+03	1.7210388183593750e-01
4.9521538085937500e+03	1.7123539745807648e-01
4.9526362304687500e+03	1.7038096487522125e-01
4.9531191406250000e+03	1.6953800618648529e-01
4.9536015625000000e+03	1.6870430111885071e-01
4.9540844726562500e+03	1.6787815093994141e-01
4.9545668945312500e+03	1.6705821454524994e-01
4.9550498046875000e+03	1.6624367237091064e-01
4.9555327148437500e+03	1.6543401777744293e-01
4.9560151367187500e+03	1.6462920606136322e-01
4.9564980468750000e+03	1.6382949054241180e-01
4.9569814453125000e+03	1.6303552687168121e-01
4.9574643554687500e+03	1.6224817931652069e-01
4.9579472656250000e+03	1.6146858036518097e-01
4.9584301757812500e+03	1.6069810092449188e-01
4.9589135742187500e+03	1.5993824601173401e-01
4.9593964843750000e+03	1.5919062495231628e-01
4.9598798828125000e+03	1.5845693647861481e-01
4.9603632812500000e+03	1.5773892402648926e-01
4.9608466796875000e+03	1.5703836083412170e-01
4.9613300781250000e+03	1.5635691583156586e-01
4.9618134765625000e+03	1.5569630265235901e-01
4.9622968750000000e+03	1.5505810081958771e-01
4.9627802734375000e+03	1.5444380044937134e-01
4.9632636718750000e+03	1.5385478734970093e-01
4.9637475585937500e+03	1.5329232811927795e-01
4.9642309570312500e+03	1.5275754034519196e-01
4.9647148437500000e+03	1.5225143730640411e-01
4.9651987304687500e+03	1.5177485346794128e-01
4.9656821289062500e+03	1.5132848918437958e-01
4.9661660156250000e+03	1.5091291069984436e-01
4.9666499023437500e+03	1.5052857995033264e-01
4.9671337890625000e+03	1.5017576515674591e-01
4.9676181640625000e+03	1.4985464513301849e-01
4.9681020507812500e+03	1.4956521987915039e-01
4.9685859375000000e+03	1.4930742979049683e-01
4.9690703125000000e+03	1.4908105134963989e-01
4.9695541992187500e+03	1.4888581633567810e-01
4.9700385742187500e+03	1.4872123301029205e-01
4.9705229492187500e+03	1.4858685433864594e-01
4.9710073242187500e+03	1.4848202466964722e-01
4.9714916992187500e+03	1.4840605854988098e-01
4.9719760742187500e+03	1.4835824072360992e-01
4.9724604492187500e+03	1.4833773672580719e-01
4.9729448242187500e+03	1.4834371209144592e-01
4.9734296875000000e+03	1.4837527275085449e-01
4.9739140625000000e+03	1.4843155443668365e-01
4.9743989257812500e+03	1.4851166307926178e-01
4.9748833007812500e+03	1.4861477911472321e-01
4.9753681640625000e+03	1.4874011278152466e-01
4.9758530273437500e+03	1.4888691902160645e-01
4.9763378906250000e+03	1.4905460178852081e-01
4.9768227539062500e+03	1.4924266934394836e-01
4.9773076171875000e+03	1.4945071935653687e-01
4.9777924804687500e+03	1.4967855811119080e-01
4.9782773437500000e+03	1.4992614090442657e-01
4.9787626953125000e+03	1.5019361674785614e-01
4.9792475585937500e+03	1.5048132836818695e-01
4.9797329101562500e+03	1.5078982710838318e-01
4.9802182617187500e+03	1.5111990272998810e-01
4.9807031250000000e+03	1.5147247910499573e-01
4.9811884765625000e+03	1.5184873342514038e-01
4.9816738281250000e+03	1.5225002169609070e-01
4.9821596679687500e+03	1.5267784893512726e-01
4.9826450195312500e+03	1.5313386917114258e-01
4.9831303710937500e+03	1.5361987054347992e-01
4.9836157226562500e+03	1.5413768589496613e-01
4.9841015625000000e+03	1.5468919277191162e-01
4.9845869140625000e+03	1.5527622401714325e-01
4.9850727539062500e+03	1.5590058267116547e-01
4.9855585937500000e+03	1.5656395256519318e-01
4.9860444335937500e+03	1.5726780891418457e-01
4.9865302734375000e+03	1.5801338851451874e-01
4.9870161132812500e+03	1.5880164504051208e-01
4.9875019531250000e+03	1.5962475538253784e-01
4.9879877929687500e+03	1.6050043702125549e-01
4.9884741210937500e+03	1.6141918301582336e-01
4.9889599609375000e+03	1.6238020360469818e-01
4.9894462890625000e+03	1.6338214278221130e-01
4.9899321289062500e+03	1.6442307829856873e-01
4.9904184570312500e+03	1.6550050675868988e-01
4.9909047851562500e+03	1.6661129891872406e-01
4.9913911132812500e+03	1.6775175929069519e-01
4.9918774414062500e+03	1.6891767084598541e-01
4.9923637695312500e+03	1.7010425031185150e-01
4.9928500976562500e+03	1.7130626738071442e-01
4.9933369140625000e+03	1.7251813411712646e-01
4.9938232421875000e+03	1.7373396456241608e-01
4.9943100585937500e+03	1.7494761943817139e-01
4.9947963867187500e+03	1.7615288496017456e-01
4.9952832031250000e+03	1.7734359204769135e-01
4.9957700195312500e+03	1.7851363122463226e-01
4.9962568359375000e+03	1.7965723574161530e-01
4.9967436523437500e+03	1.8076895177364349e-01
4.9972304687500000e+03	1.8184380233287811e-01
4.9977172851562500e+03	1.8287743628025055e-01
4.9982041015625000e+03	1.8386614322662354e-01
4.9986914062500000e+03	1.8480700254440308e-01
4.9991782226562500e+03	1.8569789826869965e-01
4.9996655273437500e+03	1.8653759360313416e-01
5.0001523437500000e+03	1.8732574582099915e-01
5.0006396484375000e+03	1.8806289136409760e-01
5.0011269531250000e+03	1.8875049054622650e-01
5.0016142578125000e+03	1.8939085304737091e-01
5.0021015625000000e+03	1.8998707830905914e-01
5.0025888671875000e+03	1.9054307043552399e-01
5.0030766601562500e+03	1.9106335937976837e-01
5.0035639648437500e+03	1.9155316054821014e-01
5.0040512695312500e+03	1.9201813638210297e-01
5.0045390625000000e+03	1.9246436655521393e-01
5.0050268554687500e+03	1.9289825856685638e-01
5.0055141601562500e+03	1.9332648813724518e-01
5.0060019531250000e+03	1.9375579059123993e-01
5.0064897460937500e+03	1.9419302046298981e-01
5.0069775390625000e+03	1.9464491307735443e-01
5.0074653320312500e+03	1.9511811435222626e-01
5.0079536132812500e+03	1.9561903178691864e-01
5.0084414062500000e+03	1.9615377485752106e-01
5.0089291992187500e+03	1.9672808051109314e-01
5.0094174804687500e+03	1.9734728336334229e-01
5.0099057617187500e+03	1.9801618158817291e-01
5.0103935546875000e+03	1.9873896241188049e-01
5.0108818359375000e+03	1.9951917231082916e-01
5.0113701171875000e+03	2.0035961270332336e-01
5.0118583984375000e+03	2.0126232504844666e-01
5.0123466796875000e+03	2.0222836732864380e-01
5.0128349609375000e+03	2.0325785875320435e-01
5.0133237304687500e+03	2.0434997975826263e-01
5.0138120117187500e+03	2.0550267398357391e-01
5.0143007812500000e+03	2.0671278238296509e-01
5.0147890625000000e+03	2.0797595381736755e-01
5.0152778320312500e+03	2.0928660035133362e-01
5.0157666015625000e+03	2.1063785254955292e-01
5.0162553710937500e+03	2.1202166378498077e-01
5.0167441406250000e+03	2.1342872083187103e-01
5.0172329101562500e+03	2.1484860777854919e-01
5.0177216796875000e+03	2.1626991033554077e-01
5.0182104492187500e+03	2.1768021583557129e-01
5.0186997070312500e+03	2.1906636655330658e-01
5.0191884765625000e+03	2.2041466832160950e-01
5.0196777343750000e+03	2.2171096503734589e-01
5.0201669921875000e+03	2.2294101119041443e-01
5.0206557617187500e+03	2.2409059107303619e-01
5.0211450195312500e+03	2.2514580190181732e-01
5.0216342773437500e+03	2.2609338164329529e-01
5.0221235351562500e+03	2.2692081332206726e-01
5.0226127929687500e+03	2.2761672735214233e-01
5.0231025390625000e+03	2.2817099094390869e-01
5.0235917968750000e+03	2.2857494652271271e-01
5.0240810546875000e+03	2.2882157564163208e-01
5.0245708007812500e+03	2.2890566289424896e-01
5.0250605468750000e+03	2.2882384061813354e-01
5.0255498046875000e+03	2.2857467830181122e-01
5.0260395507812500e+03	2.2815854847431183e-01
5.0265292968750000e+03	2.2757782042026520e-01
5.0270190429687500e+03	2.2683668136596680e-01
5.0275087890625000e+03	2.2594091296195984e-01
5.0279990234375000e+03	2.2489783167839050e-01
5.0284887695312500e+03	2.2371624410152435e-01
5.0289790039062500e+03	2.2240595519542694e-01
5.0294687500000000e+03	2.2097787261009216e-01
5.0299589843750000e+03	2.1944351494312286e-01
5.0304487304687500e+03	2.1781499683856964e-01
5.0309389648437500e+03	2.1610464155673981e-01
5.0314291992187500e+03	2.1432486176490784e-01
5.0319194335937500e+03	2.1248795092105865e-01
5.0324096679687500e+03	2.1060590445995331e-01
5.0329003906250000e+03	2.0869021117687225e-01
5.0333906250000000e+03	2.0675180852413177e-01
5.0338808593750000e+03	2.0480090379714966e-01
5.0343715820312500e+03	2.0284682512283325e-01
5.0348618164062500e+03	2.0089815557003021e-01
5.0353525390625000e+03	1.9896250963211060e-01
5.0358432617187500e+03	1.9704657793045044e-01
5.0363339843750000e+03	1.9515612721443176e-01
5.0368247070312500e+03	1.9329604506492615e-01
5.0373154296875000e+03	1.9147029519081116e-01
5.0378061523437500e+03	1.8968203663825989e-01
5.0382968750000000e+03	1.8793359398841858e-01
5.0387880859375000e+03	1.8622654676437378e-01
5.0392788085937500e+03	1.8456181883811951e-01
5.0397700195312500e+03	1.8293967843055725e-01
5.0402612304687500e+03	1.8135976791381836e-01
5.0407519531250000e+03	1.7982134222984314e-01
5.0412431640625000e+03	1.7832306027412415e-01
5.0417343750000000e+03	1.7686325311660767e-01
5.0422255859375000e+03	1.7543986439704895e-01
5.0427172851562500e+03	1.7405064404010773e-01
5.0432084960937500e+03	1.7269299924373627e-01
5.0436997070312500e+03	1.7136421799659729e-01
5.0441914062500000e+03	1.7006140947341919e-01
5.0446826171875000e+03	1.6878168284893036e-01
5.0451743164062500e+03	1.6752208769321442e-01
5.0456660156250000e+03	1.6627965867519379e-01
5.0461577148437500e+03	1.6505157947540283e-01
5.0466494140625000e+03	1.6383512318134308e-01
5.0471411132812500e+03	1.6262771189212799e-01
5.0476328125000000e+03	1.6142696142196655e-01
5.0481245117187500e+03	1.6023081541061401e-01
5.0486162109375000e+03	1.5903735160827637e-01
5.0491083984375000e+03	1.5784503519535065e-01
5.0496000976562500e+03	1.5665261447429657e-01
5.0500922851562500e+03	1.5545913577079773e-01
5.0505844726562500e+03	1.5426398813724518e-01
5.0510766601562500e+03	1.5306687355041504e-01
5.0515688476562500e+03	1.5186780691146851e-01
5.0520610351562500e+03	1.5066710114479065e-01
5.0525532226562500e+03	1.4946530759334564e-01
5.0530454101562500e+03	1.4826329052448273e-01
5.0535375976562500e+03	1.4706201851367950e-01
5.0540302734375000e+03	1.4586274325847626e-01
5.0545224609375000e+03	1.4466682076454163e-01
5.0550151367187500e+03	1.4347568154335022e-01
5.0555078125000000e+03	1.4229084551334381e-01
5.0560004882812500e+03	1.4111387729644775e-01
5.0564931640625000e+03	1.3994631171226501e-01
5.0569858398437500e+03	1.3878968358039856e-01
5.0574785156250000e+03	1.3764548301696777e-01
5.0579711914062500e+03	1.3651506602764130e-01
5.0584638671875000e+03	1.3539971411228180e-01
5.0589570312500000e+03	1.3430061936378479e-01
5.0594497070312500e+03	1.3321885466575623e-01
5.0599428710937500e+03	1.3215534389019012e-01
5.0604360351562500e+03	1.3111092150211334e-01
5.0609287109375000e+03	1.3008630275726318e-01
5.0614218750000000e+03	1.2908205389976501e-01
5.0619150390625000e+03	1.2809868156909943e-01
5.0624082031250000e+03	1.2713654339313507e-01
5.0629018554687500e+03	1.2619596719741821e-01
5.0633950195312500e+03	1.2526869773864746e-01
5.0638881835937500e+03	1.2437234818935394e-01
5.0643818359375000e+03	1.2349791824817657e-01
5.0648750000000000e+03	1.2264546006917953e-01
5.0653686523437500e+03	1.2181489169597626e-01
5.0658623046875000e+03	1.2100609391927719e-01
5.0663559570312500e+03	1.2021886557340622e-01
5.0668496093750000e+03	1.1945293843746185e-01
5.0673432617187500e+03	1.1870793998241425e-01
5.0678369140625000e+03	1.1798342317342758e-01
5.0683305664062500e+03	1.1727882921695709e-01
5.0688247070312500e+03	1.1659348011016846e-01
5.0693183593750000e+03	1.1592659354209900e-01
5.0698125000000000e+03	1.1527724564075470e-01
5.0703066406250000e+03	1.1464439332485199e-01
5.0708002929687500e+03	1.1402685940265656e-01
5.0712944335937500e+03	1.1342334002256393e-01
5.0717885742187500e+03	1.1283241212368011e-01
5.0722827148437500e+03	1.1225257068872452e-01
5.0727773437500000e+03	1.1168220639228821e-01
5.0732714843750000e+03	1.1111963540315628e-01
5.0737656250000000e+03	1.1056315153837204e-01
5.0742602539062500e+03	1.1001102626323700e-01
5.0747543945312500e+03	1.0946158319711685e-01
5.0752490234375000e+03	1.0891314595937729e-01
5.0757436523437500e+03	1.0836417973041534e-01
5.0762382812500000e+03	1.0781321674585342e-01
5.0767329101562500e+03	1.0725900530815125e-01
5.0772275390625000e+03	1.0670039802789688e-01
5.0777221679687500e+03	1.0613654553890228e-01
5.0782167968750000e+03	1.0556674748659134e-01
5.0787114257812500e+03	1.0499057918787003e-01
5.0792065429687500e+03	1.0440787672996521e-01
5.0797011718750000e+03	1.0381869226694107e-01
5.0801962890625000e+03	1.0322338342666626e-01
5.0806914062500000e+03	1.0262250900268555e-01
5.0811865234375000e+03	1.0201688855886459e-01
5.0816816406250000e+03	1.0140751302242279e-01
5.0821767578125000e+03	1.0079561173915863e-01
5.0826718750000000e+03	1.0018254816532135e-01
5.0831669921875000e+03	9.9569790065288544e-02
5.0836625976562500e+03	9.8958961665630341e-02
5.0841577148437500e+03	9.8351694643497467e-02
5.0846533203125000e+03	9.7749702632427216e-02
5.0851484375000000e+03	9.7154691815376282e-02
5.0856440429687500e+03	9.6568346023559570e-02
5.0861396484375000e+03	9.5992311835289001e-02
5.0866352539062500e+03	9.5428168773651123e-02
5.0871308593750000e+03	9.4877384603023529e-02
5.0876264648437500e+03	9.4341382384300232e-02
5.0881220703125000e+03	9.3821443617343903e-02
5.0886176757812500e+03	9.3318730592727661e-02
5.0891137695312500e+03	9.2834308743476868e-02
5.0896093750000000e+03	9.2369087040424347e-02
5.0901054687500000e+03	9.1923892498016357e-02
5.0906015625000000e+03	9.1499432921409607e-02
5.0910976562500000e+03	9.1096274554729462e-02
5.0915937500000000e+03	9.0714938938617706e-02
5.0920898437500000e+03	9.0355798602104187e-02
5.0925859375000000e+03	9.0019106864929199e-02
5.0930820312500000e+03	8.9705131947994232e-02
5.0935781250000000e+03	8.9413948357105255e-02
5.0940747070312500e+03	8.9145600795745850e-02
5.0945708007812500e+03	8.8900052011013031e-02
5.0950673828125000e+03	8.8677167892456055e-02
5.0955639648437500e+03	8.8476762175559998e-02
5.0960600585937500e+03	8.8298529386520386e-02
5.0965566406250000e+03	8.8142096996307373e-02
5.0970532226562500e+03	8.8006980717182159e-02
5.0975502929687500e+03	8.7892621755599976e-02
5.0980468750000000e+03	8.7798357009887695e-02
5.0985434570312500e+03	8.7723404169082642e-02
5.0990405273437500e+03	8.7666913866996765e-02
5.0995371093750000e+03	8.7627895176410675e-02
5.1000341796875000e+03	8.7605252861976624e-02
5.1005307617187500e+03	8.7597817182540894e-02
5.1010278320312500e+03	8.7604284286499023e-02
5.1015249023437500e+03	8.7623305618762970e-02
5.1020219726562500e+03	8.7653420865535736e-02
5.1025190429687500e+03	8.7693117558956146e-02
5.1030161132812500e+03	8.7740831077098846e-02
5.1035136718750000e+03	8.7794952094554901e-02
5.1040107421875000e+03	8.7853908538818359e-02
5.1045083007812500e+03	8.7916061282157898e-02
5.1050053710937500e+03	8.7979890406131744e-02
5.1055029296875000e+03	8.8043831288814545e-02
5.1060004882812500e+03	8.8106468319892883e-02
5.1064980468750000e+03	8.8166475296020508e-02
5.1069956054687500e+03	8.8222607970237732e-02
5.1074931640625000e+03	8.8273793458938599e-02
5.1079907226562500e+03	8.8319107890129089e-02
5.1084882812500000e+03	8.8357806205749512e-02
5.1089863281250000e+03	8.8389284908771515e-02
5.1094838867187500e+03	8.8413178920745850e-02
5.1099819335937500e+03	8.8429301977157593e-02
5.1104799804687500e+03	8.8437654078006744e-02
5.1109775390625000e+03	8.8438436388969421e-02
5.1114755859375000e+03	8.8432028889656067e-02
5.1119736328125000e+03	8.8419005274772644e-02
5.1124716796875000e+03	8.8400110602378845e-02
5.1129702148437500e+03	8.8376216590404510e-02
5.1134682617187500e+03	8.8348336517810822e-02
5.1139663085937500e+03	8.8317610323429108e-02
5.1144648437500000e+03	8.8285274803638458e-02
5.1149628906250000e+03	8.8252618908882141e-02
5.1154614257812500e+03	8.8220961391925812e-02
5.1159599609375000e+03	8.8191702961921692e-02
5.1164584960937500e+03	8.8166199624538422e-02
5.1169570312500000e+03	8.8145785033702850e-02
5.1174555664062500e+03	8.8131740689277649e-02
5.1179541015625000e+03	8.8125310838222504e-02
5.1184526367187500e+03	8.8127627968788147e-02
5.1189516601562500e+03	8.8139735162258148e-02
5.1194501953125000e+03	8.8162519037723541e-02
5.1199492187500000e+03	8.8196776807308197e-02
5.1204482421875000e+03	8.8243119418621063e-02
5.1209467773437500e+03	8.8302038609981537e-02
5.1214458007812500e+03	8.8373839855194092e-02
5.1219448242187500e+03	8.8458649814128876e-02
5.1224438476562500e+03	8.8556475937366486e-02
5.1229433593750000e+03	8.8667109608650208e-02
5.1234423828125000e+03	8.8790223002433777e-02
5.1239414062500000e+03	8.8925272226333618e-02
5.1244409179687500e+03	8.9071638882160187e-02
5.1249399414062500e+03	8.9228503406047821e-02
5.1254394531250000e+03	8.9394971728324890e-02
5.1259389648437500e+03	8.9570008218288422e-02
5.1264384765625000e+03	8.9752480387687683e-02
5.1269379882812500e+03	8.9941181242465973e-02
5.1274375000000000e+03	9.0134851634502411e-02
5.1279370117187500e+03	9.0332195162773132e-02
5.1284365234375000e+03	9.0531848371028900e-02
5.1289365234375000e+03	9.0732514858245850e-02
5.1294360351562500e+03	9.0932823717594147e-02
5.1299360351562500e+03	9.1131508350372314e-02
5.1304355468750000e+03	9.1327309608459473e-02
5.1309355468750000e+03	9.1519050300121307e-02
5.1314355468750000e+03	9.1705650091171265e-02
5.1319355468750000e+03	9.1886080801486969e-02
5.1324355468750000e+03	9.2059463262557983e-02
5.1329355468750000e+03	9.2225052416324615e-02
5.1334360351562500e+03	9.2382185161113739e-02
5.1339360351562500e+03	9.2530384659767151e-02
5.1344360351562500e+03	9.2669285833835602e-02
5.1349365234375000e+03	9.2798680067062378e-02
5.1354370117187500e+03	9.2918522655963898e-02
5.1359370117187500e+03	9.3028925359249115e-02
5.1364375000000000e+03	9.3130104243755341e-02
5.1369379882812500e+03	9.3222469091415405e-02
5.1374384765625000e+03	9.3306533992290497e-02
5.1379394531250000e+03	9.3382962048053741e-02
5.1384399414062500e+03	9.3452528119087219e-02
5.1389404296875000e+03	9.3516126275062561e-02
5.1394414062500000e+03	9.3574717640876770e-02
5.1399418945312500e+03	9.3629397451877594e-02
5.1404428710937500e+03	9.3681290745735168e-02
5.1409438476562500e+03	9.3731611967086792e-02
5.1414448242187500e+03	9.3781612813472748e-02
5.1419458007812500e+03	9.3832582235336304e-02
5.1424467773437500e+03	9.3885824084281921e-02
5.1429477539062500e+03	9.3942649662494659e-02
5.1434487304687500e+03	9.4004400074481964e-02
5.1439501953125000e+03	9.4072364270687103e-02
5.1444511718750000e+03	9.4147838652133942e-02
5.1449526367187500e+03	9.4232104718685150e-02
5.1454536132812500e+03	9.4326369464397430e-02
5.1459550781250000e+03	9.4431832432746887e-02
5.1464565429687500e+03	9.4549648463726044e-02
5.1469580078125000e+03	9.4680912792682648e-02
5.1474594726562500e+03	9.4826698303222656e-02
5.1479609375000000e+03	9.4987995922565460e-02
5.1484628906250000e+03	9.5165789127349854e-02
5.1489643554687500e+03	9.5360971987247467e-02
5.1494658203125000e+03	9.5574416220188141e-02
5.1499677734375000e+03	9.5806941390037537e-02
5.1504697265625000e+03	9.6059329807758331e-02
5.1509711914062500e+03	9.6332311630249023e-02
5.1514731445312500e+03	9.6626587212085724e-02
5.1519750976562500e+03	9.6942827105522156e-02
5.1524770507812500e+03	9.7281679511070251e-02
5.1529794921875000e+03	9.7643740475177765e-02
5.1534814453125000e+03	9.8029598593711853e-02
5.1539833984375000e+03	9.8439842462539673e-02
5.1544858398437500e+03	9.8875023424625397e-02
5.1549877929687500e+03	9.9335730075836182e-02
5.1554902343750000e+03	9.9822469055652618e-02
5.1559926757812500e+03	1.0033583641052246e-01
5.1564951171875000e+03	1.0087636113166809e-01
5.1569975585937500e+03	1.0144464671611786e-01
5.1575000000000000e+03	1.0204122215509415e-01
5.1580024414062500e+03	1.0266663879156113e-01
5.1585048828125000e+03	1.0332144796848297e-01
5.1590078125000000e+03	1.0400614142417908e-01
5.1595102539062500e+03	1.0471234470605850e-01
5.1600131835937500e+03	1.0545861721038818e-01
5.1605156250000000e+03	1.0623577237129211e-01
5.1610185546875000e+03	1.0704389214515686e-01
5.1615214843750000e+03	1.0788284242153168e-01
5.1620244140625000e+03	1.0875224322080612e-01
5.1625273437500000e+03	1.0965135693550110e-01
5.1630302734375000e+03	1.1057910323143005e-01
5.1635336914062500e+03	1.1153393983840942e-01
5.1640366210937500e+03	1.1251382529735565e-01
5.1645400390625000e+03	1.1351615190505981e-01
5.1650429687500000e+03	1.1453770846128464e-01
5.1655463867187500e+03	1.1557461321353912e-01
5.1660498046875000e+03	1.1662235110998154e-01
5.1665527343750000e+03	1.1767567694187164e-01
5.1670561523437500e+03	1.1872867494821548e-01
5.1675600585937500e+03	1.1977478861808777e-01
5.1680634765625000e+03	1.2080688029527664e-01
5.1685668945312500e+03	1.2181722372770309e-01
5.1690703125000000e+03	1.2279777228832245e-01
5.1695742187500000e+03	1.2374006211757660e-01
5.1700781250000000e+03	1.2463556230068207e-01
5.1705815429687500e+03	1.2547567486763000e-01
5.1710854492187500e+03	1.2625199556350708e-01
5.1715893554687500e+03	1.2695646286010742e-01
5.1720932617187500e+03	1.2758156657218933e-01
5.1725971679687500e+03	1.2812046706676483e-01
5.1731010742187500e+03	1.2856723368167877e-01
5.1736054687500000e+03	1.2891699373722076e-01
5.1741093750000000e+03	1.2916605174541473e-01
5.1746132812500000e+03	1.2931200861930847e-01
5.1751176757812500e+03	1.2935385107994080e-01
5.1756220703125000e+03	1.2929198145866394e-01
5.1761264648437500e+03	1.2912832200527191e-01
5.1766303710937500e+03	1.2886616587638855e-01
5.1771347656250000e+03	1.2851020693778992e-01
5.1776396484375000e+03	1.2806645035743713e-01
5.1781440429687500e+03	1.2754206359386444e-01
5.1786484375000000e+03	1.2694524228572845e-01
5.1791528320312500e+03	1.2628504633903503e-01
5.1796577148437500e+03	1.2557120621204376e-01
5.1801625976562500e+03	1.2481389939785004e-01
5.1806669921875000e+03	1.2402363121509552e-01
5.1811718750000000e+03	1.2321091443300247e-01
5.1816767578125000e+03	1.2238613516092300e-01
5.1821816406250000e+03	1.2155940383672714e-01
5.1826865234375000e+03	1.2074029445648193e-01
5.1831914062500000e+03	1.1993776261806488e-01
5.1836967773437500e+03	1.1915998905897141e-01
5.1842016601562500e+03	1.1841427534818649e-01
5.1847070312500000e+03	1.1770700663328171e-01
5.1852119140625000e+03	1.1704353988170624e-01
5.1857172851562500e+03	1.1642821878194809e-01
5.1862226562500000e+03	1.1586435884237289e-01
5.1867280273437500e+03	1.1535424739122391e-01
5.1872333984375000e+03	1.1489919573068619e-01
5.1877387695312500e+03	1.1449959874153137e-01
5.1882441406250000e+03	1.1415497213602066e-01
5.1887495117187500e+03	1.1386402696371078e-01
5.1892553710937500e+03	1.1362477391958237e-01
5.1897607421875000e+03	1.1343456059694290e-01
5.1902666015625000e+03	1.1329019814729691e-01
5.1907724609375000e+03	1.1318799853324890e-01
5.1912778320312500e+03	1.1312389373779297e-01
5.1917836914062500e+03	1.1309346556663513e-01
5.1922895507812500e+03	1.1309207975864410e-01
5.1927958984375000e+03	1.1311487108469009e-01
5.1933017578125000e+03	1.1315686255693436e-01
5.1938076171875000e+03	1.1321302503347397e-01
5.1943139648437500e+03	1.1327828466892242e-01
5.1948198242187500e+03	1.1334758996963501e-01
5.1953261718750000e+03	1.1341599375009537e-01
5.1958320312500000e+03	1.1347865313291550e-01
5.1963383789062500e+03	1.1353088170289993e-01
5.1968447265625000e+03	1.1356817185878754e-01
5.1973510742187500e+03	1.1358631402254105e-01
5.1978574218750000e+03	1.1358130723237991e-01
5.1983642578125000e+03	1.1354949325323105e-01
5.1988706054687500e+03	1.1348754912614822e-01
5.1993769531250000e+03	1.1339250952005386e-01
5.1998837890625000e+03	1.1326185613870621e-01
5.2003906250000000e+03	1.1309345811605453e-01
5.2008969726562500e+03	1.1288563907146454e-01
5.2014038085937500e+03	1.1263722926378250e-01
5.2019106445312500e+03	1.1234748363494873e-01
5.2024174804687500e+03	1.1201620846986771e-01
5.2029243164062500e+03	1.1164366453886032e-01
5.2034316406250000e+03	1.1123061180114746e-01
5.2039384765625000e+03	1.1077827960252762e-01
5.2044453125000000e+03	1.1028836667537689e-01
5.2049526367187500e+03	1.0976298153400421e-01
5.2054599609375000e+03	1.0920468717813492e-01
5.2059667968750000e+03	1.0861638188362122e-01
5.2064741210937500e+03	1.0800129920244217e-01
5.2069814453125000e+03	1.0736297816038132e-01
5.2074887695312500e+03	1.0670517385005951e-01
5.2079960937500000e+03	1.0603186488151550e-01
5.2085039062500000e+03	1.0534715652465820e-01
5.2090112304687500e+03	1.0465525090694427e-01
5.2095190429687500e+03	1.0396037250757217e-01
5.2100263671875000e+03	1.0326679050922394e-01
5.2105341796875000e+03	1.0257866978645325e-01
5.2110419921875000e+03	1.0190010070800781e-01
5.2115493164062500e+03	1.0123504698276520e-01
5.2120571289062500e+03	1.0058730095624924e-01
5.2125649414062500e+03	9.9960453808307648e-02
5.2130732421875000e+03	9.9357865750789642e-02
5.2135810546875000e+03	9.8782651126384735e-02
5.2140888671875000e+03	9.8237678408622742e-02
5.2145971679687500e+03	9.7725555300712585e-02
5.2151049804687500e+03	9.7248554229736328e-02
5.2156132812500000e+03	9.6808746457099915e-02
5.2161215820312500e+03	9.6407882869243622e-02
5.2166298828125000e+03	9.6047475934028625e-02
5.2171381835937500e+03	9.5728754997253418e-02
5.2176464843750000e+03	9.5452733337879181e-02
5.2181547851562500e+03	9.5220200717449188e-02
5.2186630859375000e+03	9.5031738281250000e-02
5.2191718750000000e+03	9.4887763261795044e-02
5.2196801757812500e+03	9.4788506627082825e-02
5.2201889648437500e+03	9.4734065234661102e-02
5.2206972656250000e+03	9.4724476337432861e-02
5.2212060546875000e+03	9.4759598374366760e-02
5.2217148437500000e+03	9.4839259982109070e-02
5.2222236328125000e+03	9.4963215291500092e-02
5.2227324218750000e+03	9.5131181180477142e-02
5.2232412109375000e+03	9.5342807471752167e-02
5.2237504882812500e+03	9.5597699284553528e-02
5.2242592773437500e+03	9.5895424485206604e-02
5.2247685546875000e+03	9.6235506236553192e-02
5.2252773437500000e+03	9.6617370843887329e-02
5.2257866210937500e+03	9.7040347754955292e-02
5.2262958984375000e+03	9.7503669559955597e-02
5.2268051757812500e+03	9.8006382584571838e-02
5.2273144531250000e+03	9.8547346889972687e-02
5.2278237304687500e+03	9.9125206470489502e-02
5.2283330078125000e+03	9.9738284945487976e-02
5.2288422851562500e+03	1.0038464516401291e-01
5.2293520507812500e+03	1.0106192529201508e-01
5.2298613281250000e+03	1.0176739096641541e-01
5.2303710937500000e+03	1.0249786078929901e-01
5.2308808593750000e+03	1.0324972122907639e-01
5.2313901367187500e+03	1.0401885211467743e-01
5.2318999023437500e+03	1.0480067878961563e-01
5.2324096679687500e+03	1.0559013485908508e-01
5.2329199218750000e+03	1.0638174414634705e-01
5.2334296875000000e+03	1.0716959834098816e-01
5.2339394531250000e+03	1.0794746130704880e-01
5.2344497070312500e+03	1.0870882123708725e-01
5.2349594726562500e+03	1.0944698750972748e-01
5.2354697265625000e+03	1.1015515029430389e-01
5.2359799804687500e+03	1.1082657426595688e-01
5.2364897460937500e+03	1.1145463585853577e-01
5.2370000000000000e+03	1.1203299462795258e-01
5.2375102539062500e+03	1.1255569010972977e-01
5.2380209960937500e+03	1.1301731318235397e-01
5.2385312500000000e+03	1.1341305822134018e-01
5.2390415039062500e+03	1.1373890191316605e-01
5.2395522460937500e+03	1.1399165540933609e-01
5.2400625000000000e+03	1.1416905373334885e-01
5.2405732421875000e+03	1.1426984518766403e-01
5.2410839843750000e+03	1.1429378390312195e-01
5.2415942382812500e+03	1.1424168944358826e-01
5.2421049804687500e+03	1.1411541700363159e-01
5.2426157226562500e+03	1.1391784250736237e-01
5.2431269531250000e+03	1.1365281790494919e-01
5.2436376953125000e+03	1.1332503706216812e-01
5.2441484375000000e+03	1.1294008046388626e-01
5.2446596679687500e+03	1.1250415444374084e-01
5.2451704101562500e+03	1.1202406138181686e-01
5.2456816406250000e+03	1.1150706559419632e-01
5.2461928710937500e+03	1.1096071451902390e-01
5.2467041015625000e+03	1.1039277166128159e-01
5.2472153320312500e+03	1.0981100797653198e-01
5.2477265625000000e+03	1.0922313481569290e-01
5.2482377929687500e+03	1.0863662511110306e-01
5.2487490234375000e+03	1.0805868357419968e-01
5.2492607421875000e+03	1.0749605298042297e-01
5.2497719726562500e+03	1.0695502161979675e-01
5.2502836914062500e+03	1.0644127428531647e-01
5.2507949218750000e+03	1.0595989227294922e-01
5.2513066406250000e+03	1.0551530867815018e-01
5.2518183593750000e+03	1.0511130094528198e-01
5.2523300781250000e+03	1.0475090891122818e-01
5.2528417968750000e+03	1.0443654656410217e-01
5.2533540039062500e+03	1.0416992008686066e-01
5.2538657226562500e+03	1.0395213216543198e-01
5.2543774414062500e+03	1.0378365218639374e-01
5.2548896484375000e+03	1.0366442799568176e-01
5.2554013671875000e+03	1.0359384864568710e-01
5.2559135742187500e+03	1.0357087105512619e-01
5.2564257812500000e+03	1.0359402000904083e-01
5.2569379882812500e+03	1.0366150736808777e-01
5.2574501953125000e+03	1.0377118736505508e-01
5.2579624023437500e+03	1.0392072796821594e-01
5.2584746093750000e+03	1.0410761088132858e-01
5.2589873046875000e+03	1.0432916879653931e-01
5.2594995117187500e+03	1.0458269715309143e-01
5.2600122070312500e+03	1.0486546903848648e-01
5.2605244140625000e+03	1.0517480969429016e-01
5.2610371093750000e+03	1.0550811141729355e-01
5.2615498046875000e+03	1.0586295276880264e-01
5.2620625000000000e+03	1.0623703151941299e-01
5.2625751953125000e+03	1.0662834346294403e-01
5.2630878906250000e+03	1.0703507065773010e-01
5.2636005859375000e+03	1.0745573043823242e-01
5.2641137695312500e+03	1.0788907855749130e-01
5.2646264648437500e+03	1.0833424329757690e-01
5.2651396484375000e+03	1.0879059135913849e-01
5.2656523437500000e+03	1.0925783216953278e-01
5.2661655273437500e+03	1.0973590612411499e-01
5.2666787109375000e+03	1.1022501438856125e-01
5.2671918945312500e+03	1.1072554439306259e-01
5.2677050781250000e+03	1.1123799532651901e-01
5.2682182617187500e+03	1.1176294833421707e-01
5.2687314453125000e+03	1.1230096220970154e-01
5.2692451171875000e+03	1.1285254359245300e-01
5.2697583007812500e+03	1.1341797560453415e-01
5.2702719726562500e+03	1.1399730294942856e-01
5.2707856445312500e+03	1.1459025740623474e-01
5.2712988281250000e+03	1.1519610881805420e-01
5.2718125000000000e+03	1.1581367254257202e-01
5.2723261718750000e+03	1.1644121259450912e-01
5.2728398437500000e+03	1.1707639694213867e-01
5.2733540039062500e+03	1.1771626770496368e-01
5.2738676757812500e+03	1.1835727840662003e-01
5.2743813476562500e+03	1.1899525672197342e-01
5.2748955078125000e+03	1.1962546408176422e-01
5.2754091796875000e+03	1.2024263292551041e-01
5.2759233398437500e+03	1.2084107100963593e-01
5.2764375000000000e+03	1.2141470611095428e-01
5.2769516601562500e+03	1.2195727229118347e-01
5.2774658203125000e+03	1.2246233224868774e-01
5.2779799804687500e+03	1.2292350083589554e-01
5.2784941406250000e+03	1.2333450466394424e-01
5.2790087890625000e+03	1.2368939071893692e-01
5.2795229492187500e+03	1.2398258596658707e-01
5.2800375976562500e+03	1.2420903891324997e-01
5.2805517578125000e+03	1.2436439096927643e-01
5.2810664062500000e+03	1.2444497644901276e-01
5.2815810546875000e+03	1.2444797158241272e-01
5.2820957031250000e+03	1.2437143176794052e-01
5.2826103515625000e+03	1.2421433627605438e-01
5.2831250000000000e+03	1.2397654354572296e-01
5.2836396484375000e+03	1.2365889549255371e-01
5.2841542968750000e+03	1.2326309084892273e-01
5.2846694335937500e+03	1.2279168516397476e-01
5.2851845703125000e+03	1.2224805355072021e-01
5.2856992187500000e+03	1.2163624912500381e-01
5.2862143554687500e+03	1.2096100300550461e-01
5.2867294921875000e+03	1.2022756040096283e-01
5.2872446289062500e+03	1.1944162100553513e-01
5.2877597656250000e+03	1.1860926449298859e-01
5.2882749023437500e+03	1.1773680895566940e-01
5.2887900390625000e+03	1.1683075875043869e-01
5.2893056640625000e+03	1.1589767783880234e-01
5.2898208007812500e+03	1.1494418978691101e-01
5.2903364257812500e+03	1.1397678405046463e-01
5.2908520507812500e+03	1.1300189048051834e-01
5.2913671875000000e+03	1.1202571541070938e-01
5.2918828125000000e+03	1.1105425655841827e-01
5.2923984375000000e+03	1.1009326577186584e-01
5.2929140625000000e+03	1.0914814472198486e-01
5.2934301757812500e+03	1.0822403430938721e-01
5.2939458007812500e+03	1.0732571780681610e-01
5.2944614257812500e+03	1.0645762830972672e-01
5.2949775390625000e+03	1.0562384873628616e-01
5.2954931640625000e+03	1.0482811182737350e-01
5.2960092773437500e+03	1.0407378524541855e-01
5.2965253906250000e+03	1.0336389392614365e-01
5.2970415039062500e+03	1.0270113497972488e-01
5.2975576171875000e+03	1.0208787769079208e-01
5.2980737304687500e+03	1.0152617096900940e-01
5.2985898437500000e+03	1.0101779550313950e-01
5.2991064453125000e+03	1.0056425631046295e-01
5.2996225585937500e+03	1.0016679763793945e-01
5.3001391601562500e+03	9.9826484918594360e-02
5.3006552734375000e+03	9.9544167518615723e-02
5.3011718750000000e+03	9.9320545792579651e-02
5.3016884765625000e+03	9.9156163632869720e-02
5.3022050781250000e+03	9.9051468074321747e-02
5.3027216796875000e+03	9.9006809294223785e-02
5.3032382812500000e+03	9.9022440612316132e-02
5.3037548828125000e+03	9.9098585546016693e-02
5.3042719726562500e+03	9.9235393106937408e-02
5.3047885742187500e+03	9.9432937800884247e-02
5.3053056640625000e+03	9.9691256880760193e-02
5.3058222656250000e+03	1.0001026839017868e-01
5.3063393554687500e+03	1.0038982331752777e-01
5.3068564453125000e+03	1.0082960128784180e-01
5.3073735351562500e+03	1.0132913291454315e-01
5.3078906250000000e+03	1.0188769549131393e-01
5.3084077148437500e+03	1.0250432044267654e-01
5.3089252929687500e+03	1.0317768901586533e-01
5.3094423828125000e+03	1.0390610247850418e-01
5.3099599609375000e+03	1.0468741506338120e-01
5.3104770507812500e+03	1.0551896691322327e-01
5.3109946289062500e+03	1.0639752447605133e-01
5.3115122070312500e+03	1.0731928050518036e-01
5.3120297851562500e+03	1.0827972739934921e-01
5.3125473632812500e+03	1.0927374660968781e-01
5.3130649414062500e+03	1.1029548197984695e-01
5.3135825195312500e+03	1.1133841425180435e-01
5.3141000976562500e+03	1.1239535361528397e-01
5.3146181640625000e+03	1.1345850676298141e-01
5.3151357421875000e+03	1.1451949179172516e-01
5.3156538085937500e+03	1.1556946486234665e-01
5.3161718750000000e+03	1.1659921705722809e-01
5.3166899414062500e+03	1.1759926378726959e-01
5.3172080078125000e+03	1.1856000125408173e-01
5.3177260742187500e+03	1.1947188526391983e-01
5.3182441406250000e+03	1.2032553553581238e-01
5.3187622070312500e+03	1.2111195176839828e-01
5.3192802734375000e+03	1.2182267755270004e-01
5.3197988281250000e+03	1.2244994193315506e-01
5.3203168945312500e+03	1.2298684567213058e-01
5.3208354492187500e+03	1.2342751026153564e-01
5.3213540039062500e+03	1.2376717478036880e-01
5.3218725585937500e+03	1.2400233745574951e-01
5.3223911132812500e+03	1.2413085997104645e-01
5.3229096679687500e+03	1.2415193021297455e-01
5.3234282226562500e+03	1.2406618893146515e-01
5.3239467773437500e+03	1.2387564033269882e-01
5.3244658203125000e+03	1.2358366698026657e-01
5.3249843750000000e+03	1.2319489568471909e-01
5.3255034179687500e+03	1.2271515280008316e-01
5.3260224609375000e+03	1.2215130031108856e-01
5.3265410156250000e+03	1.2151106446981430e-01
5.3270600585937500e+03	1.2080288678407669e-01
5.3275791015625000e+03	1.2003578245639801e-01
5.3280981445312500e+03	1.1921902000904083e-01
5.3286176757812500e+03	1.1836207658052444e-01
5.3291367187500000e+03	1.1747433245182037e-01
5.3296557617187500e+03	1.1656494438648224e-01
5.3301752929687500e+03	1.1564265191555023e-01
5.3306948242187500e+03	1.1471565812826157e-01
5.3312138671875000e+03	1.1379146575927734e-01
5.3317333984375000e+03	1.1287677288055420e-01
5.3322529296875000e+03	1.1197742819786072e-01
5.3327724609375000e+03	1.1109834164381027e-01
5.3332919921875000e+03	1.1024351418018341e-01
5.3338120117187500e+03	1.0941594839096069e-01
5.3343315429687500e+03	1.0861776024103165e-01
5.3348515625000000e+03	1.0785021632909775e-01
5.3353710937500000e+03	1.0711375623941422e-01
5.3358911132812500e+03	1.0640811920166016e-01
5.3364111328125000e+03	1.0573241859674454e-01
5.3369306640625000e+03	1.0508529096841812e-01
5.3374506835937500e+03	1.0446494072675705e-01
5.3379711914062500e+03	1.0386929661035538e-01
5.3384912109375000e+03	1.0329612344503403e-01
5.3390112304687500e+03	1.0274309664964676e-01
5.3395312500000000e+03	1.0220795869827271e-01
5.3400517578125000e+03	1.0168852657079697e-01
5.3405722656250000e+03	1.0118282586336136e-01
5.3410922851562500e+03	1.0068915784358978e-01
5.3416127929687500e+03	1.0020609945058823e-01
5.3421333007812500e+03	9.9732585251331329e-02
5.3426538085937500e+03	9.9267907440662384e-02
5.3431743164062500e+03	9.8811738193035126e-02
5.3436948242187500e+03	9.8364099860191345e-02
5.3442158203125000e+03	9.7925409674644470e-02
5.3447363281250000e+03	9.7496382892131805e-02
5.3452573242187500e+03	9.7078070044517517e-02
5.3457778320312500e+03	9.6671797335147858e-02
5.3462988281250000e+03	9.6279077231884003e-02
5.3468198242187500e+03	9.5901682972908020e-02
5.3473408203125000e+03	9.5541469752788544e-02
5.3478618164062500e+03	9.5200441777706146e-02
5.3483828125000000e+03	9.4880647957324982e-02
5.3489042968750000e+03	9.4584159553050995e-02
5.3494252929687500e+03	9.4313018023967743e-02
5.3499462890625000e+03	9.4069235026836395e-02
5.3504677734375000e+03	9.3854710459709167e-02
5.3509892578125000e+03	9.3671254813671112e-02
5.3515102539062500e+03	9.3520469963550568e-02
5.3520317382812500e+03	9.3403846025466919e-02
5.3525532226562500e+03	9.3322649598121643e-02
5.3530747070312500e+03	9.3277893960475922e-02
5.3535966796875000e+03	9.3270391225814819e-02
5.3541181640625000e+03	9.3300625681877136e-02
5.3546396484375000e+03	9.3368835747241974e-02
5.3551616210937500e+03	9.3474909663200378e-02
5.3556835937500000e+03	9.3618415296077728e-02
5.3562050781250000e+03	9.3798577785491943e-02
5.3567270507812500e+03	9.4014219939708710e-02
5.3572490234375000e+03	9.4263784587383270e-02
5.3577709960937500e+03	9.4545312225818634e-02
5.3582929687500000e+03	9.4856448471546173e-02
5.3588154296875000e+03	9.5194421708583832e-02
5.3593374023437500e+03	9.5556057989597321e-02
5.3598593750000000e+03	9.5937773585319519e-02
5.3603818359375000e+03	9.6335642039775848e-02
5.3609042968750000e+03	9.6745379269123077e-02
5.3614262695312500e+03	9.7162403166294098e-02
5.3619487304687500e+03	9.7581878304481506e-02
5.3624711914062500e+03	9.7998775541782379e-02
5.3629936523437500e+03	9.8407939076423645e-02
5.3635166015625000e+03	9.8804168403148651e-02
5.3640390625000000e+03	9.9182277917861938e-02
5.3645615234375000e+03	9.9537231028079987e-02
5.3650844726562500e+03	9.9864155054092407e-02
5.3656069335937500e+03	1.0015850514173508e-01
5.3661298828125000e+03	1.0041610896587372e-01
5.3666528320312500e+03	1.0063324868679047e-01
5.3671757812500000e+03	1.0080675780773163e-01
5.3676987304687500e+03	1.0093408823013306e-01
5.3682216796875000e+03	1.0101331770420074e-01
5.3687446289062500e+03	1.0104323178529739e-01
5.3692680664062500e+03	1.0102335363626480e-01
5.3697910156250000e+03	1.0095390677452087e-01
5.3703144531250000e+03	1.0083583742380142e-01
5.3708374023437500e+03	1.0067080706357956e-01
5.3713608398437500e+03	1.0046106576919556e-01
5.3718842773437500e+03	1.0020950436592102e-01
5.3724077148437500e+03	9.9919483065605164e-02
5.3729311523437500e+03	9.9594801664352417e-02
5.3734545898437500e+03	9.9239602684974670e-02
5.3739780273437500e+03	9.8858267068862915e-02
5.3745019531250000e+03	9.8455287516117096e-02
5.3750253906250000e+03	9.8035208880901337e-02
5.3755493164062500e+03	9.7602501511573792e-02
5.3760727539062500e+03	9.7161479294300079e-02
5.3765966796875000e+03	9.6716240048408508e-02
5.3771206054687500e+03	9.6270516514778137e-02
5.3776445312500000e+03	9.5827721059322357e-02
5.3781684570312500e+03	9.5390833914279938e-02
5.3786928710937500e+03	9.4962365925312042e-02
5.3792167968750000e+03	9.4544388353824615e-02
5.3797407226562500e+03	9.4138510525226593e-02
5.3802651367187500e+03	9.3745864927768707e-02
5.3807890625000000e+03	9.3367166817188263e-02
5.3813134765625000e+03	9.3002736568450928e-02
5.3818378906250000e+03	9.2652551829814911e-02
5.3823623046875000e+03	9.2316277325153351e-02
5.3828867187500000e+03	9.1993369162082672e-02
5.3834111328125000e+03	9.1683059930801392e-02
5.3839360351562500e+03	9.1384477913379669e-02
5.3844604492187500e+03	9.1096684336662292e-02
5.3849848632812500e+03	9.0818740427494049e-02
5.3855097656250000e+03	9.0549714863300323e-02
5.3860346679687500e+03	9.0288788080215454e-02
5.3865590820312500e+03	9.0035244822502136e-02
5.3870839843750000e+03	8.9788503944873810e-02
5.3876088867187500e+03	8.9548170566558838e-02
5.3881337890625000e+03	8.9314006268978119e-02
5.3886591796875000e+03	8.9085966348648071e-02
5.3891840820312500e+03	8.8864192366600037e-02
5.3897089843750000e+03	8.8648982346057892e-02
5.3902343750000000e+03	8.8440790772438049e-02
