4.5997202148437500e+03	3.0414888262748718e-01
4.6001684570312500e+03	3.0376917123794556e-01
4.6006166992187500e+03	3.0349731445312500e-01
4.6010649414062500e+03	3.0325615406036377e-01
4.6015131835937500e+03	3.0304625630378723e-01
4.6019614257812500e+03	3.0286797881126404e-01
4.6024101562500000e+03	3.0272191762924194e-01
4.6028583984375000e+03	3.0260854959487915e-01
4.6033071289062500e+03	3.0252820253372192e-01
4.6037553710937500e+03	3.0248141288757324e-01
4.6042041015625000e+03	3.0246856808662415e-01
4.6046528320312500e+03	3.0248996615409851e-01
4.6051015625000000e+03	3.0254584550857544e-01
4.6055502929687500e+03	3.0263641476631165e-01
4.6059990234375000e+03	3.0276161432266235e-01
4.6064477539062500e+03	3.0292147397994995e-01
4.6068964843750000e+03	3.0311563611030579e-01
4.6073452148437500e+03	3.0334380269050598e-01
4.6077944335937500e+03	3.0360534787178040e-01
4.6082431640625000e+03	3.0389952659606934e-01
4.6086923828125000e+03	3.0422535538673401e-01
4.6091411132812500e+03	3.0458173155784607e-01
4.6095903320312500e+03	3.0496722459793091e-01
4.6100395507812500e+03	3.0538043379783630e-01
4.6104887695312500e+03	3.0581957101821899e-01
4.6109379882812500e+03	3.0628296732902527e-01
4.6113872070312500e+03	3.0676865577697754e-01
4.6118364257812500e+03	3.0727466940879822e-01
4.6122861328125000e+03	3.0779904127120972e-01
4.6127353515625000e+03	3.0833968520164490e-01
4.6131850585937500e+03	3.0889484286308289e-01
4.6136342773437500e+03	3.0946257710456848e-01
4.6140839843750000e+03	3.1004127860069275e-01
4.6145336914062500e+03	3.1062945723533630e-01
4.6149829101562500e+03	3.1122586131095886e-01
4.6154326171875000e+03	3.1182935833930969e-01
4.6158823242187500e+03	3.1243923306465149e-01
4.6163320312500000e+03	3.1305506825447083e-01
4.6167822265625000e+03	3.1367647647857666e-01
4.6172319335937500e+03	3.1430342793464661e-01
4.6176816406250000e+03	3.1493607163429260e-01
4.6181318359375000e+03	3.1557473540306091e-01
4.6185815429687500e+03	3.1621983647346497e-01
4.6190317382812500e+03	3.1687170267105103e-01
4.6194819335937500e+03	3.1753078103065491e-01
4.6199316406250000e+03	3.1819733977317810e-01
4.6203818359375000e+03	3.1887137889862061e-01
4.6208320312500000e+03	3.1955277919769287e-01
4.6212822265625000e+03	3.2024094462394714e-01
4.6217329101562500e+03	3.2093495130538940e-01
4.6221831054687500e+03	3.2163351774215698e-01
4.6226333007812500e+03	3.2233473658561707e-01
4.6230839843750000e+03	3.2303634285926819e-01
4.6235341796875000e+03	3.2373559474945068e-01
4.6239848632812500e+03	3.2442918419837952e-01
4.6244355468750000e+03	3.2511344552040100e-01
4.6248857421875000e+03	3.2578453421592712e-01
4.6253364257812500e+03	3.2643809914588928e-01
4.6257871093750000e+03	3.2706969976425171e-01
4.6262377929687500e+03	3.2767489552497864e-01
4.6266889648437500e+03	3.2824918627738953e-01
4.6271396484375000e+03	3.2878822088241577e-01
4.6275903320312500e+03	3.2928803563117981e-01
4.6280415039062500e+03	3.2974484562873840e-01
4.6284921875000000e+03	3.3015552163124084e-01
4.6289433593750000e+03	3.3051744103431702e-01
4.6293945312500000e+03	3.3082854747772217e-01
4.6298452148437500e+03	3.3108764886856079e-01
4.6302963867187500e+03	3.3129417896270752e-01
4.6307475585937500e+03	3.3144834637641907e-01
4.6311987304687500e+03	3.3155134320259094e-01
4.6316499023437500e+03	3.3160474896430969e-01
4.6321015625000000e+03	3.3161118626594543e-01
4.6325527343750000e+03	3.3157387375831604e-01
4.6330039062500000e+03	3.3149665594100952e-01
4.6334555664062500e+03	3.3138382434844971e-01
4.6339072265625000e+03	3.3124023675918579e-01
4.6343583984375000e+03	3.3107116818428040e-01
4.6348100585937500e+03	3.3088195323944092e-01
4.6352617187500000e+03	3.3067840337753296e-01
4.6357133789062500e+03	3.3046612143516541e-01
4.6361650390625000e+03	3.3025091886520386e-01
4.6366166992187500e+03	3.3003836870193481e-01
4.6370683593750000e+03	3.2983401417732239e-01
4.6375205078125000e+03	3.2964307069778442e-01
4.6379721679687500e+03	3.2947045564651489e-01
4.6384243164062500e+03	3.2932078838348389e-01
4.6388759765625000e+03	3.2919833064079285e-01
4.6393281250000000e+03	3.2910677790641785e-01
4.6397802734375000e+03	3.2904952764511108e-01
4.6402324218750000e+03	3.2902947068214417e-01
4.6406845703125000e+03	3.2904902100563049e-01
4.6411367187500000e+03	3.2911023497581482e-01
4.6415888671875000e+03	3.2921466231346130e-01
4.6420410156250000e+03	3.2936340570449829e-01
4.6424931640625000e+03	3.2955724000930786e-01
4.6429458007812500e+03	3.2979652285575867e-01
4.6433979492187500e+03	3.3008119463920593e-01
4.6438505859375000e+03	3.3041104674339294e-01
4.6443032226562500e+03	3.3078545331954956e-01
4.6447553710937500e+03	3.3120352029800415e-01
4.6452080078125000e+03	3.3166417479515076e-01
4.6456606445312500e+03	3.3216601610183716e-01
4.6461132812500000e+03	3.3270773291587830e-01
4.6465659179687500e+03	3.3328771591186523e-01
4.6470190429687500e+03	3.3390420675277710e-01
4.6474716796875000e+03	3.3455535769462585e-01
4.6479243164062500e+03	3.3523938059806824e-01
4.6483774414062500e+03	3.3595436811447144e-01
4.6488300781250000e+03	3.3669820427894592e-01
4.6492832031250000e+03	3.3746913075447083e-01
4.6497363281250000e+03	3.3826509118080139e-01
4.6501894531250000e+03	3.3908414840698242e-01
4.6506425781250000e+03	3.3992439508438110e-01
4.6510957031250000e+03	3.4078404307365417e-01
4.6515488281250000e+03	3.4166124463081360e-01
4.6520019531250000e+03	3.4255424141883850e-01
4.6524550781250000e+03	3.4346127510070801e-01
4.6529086914062500e+03	3.4438082575798035e-01
4.6533618164062500e+03	3.4531131386756897e-01
4.6538154296875000e+03	3.4625121951103210e-01
4.6542690429687500e+03	3.4719917178153992e-01
4.6547221679687500e+03	3.4815397858619690e-01
4.6551757812500000e+03	3.4911420941352844e-01
4.6556293945312500e+03	3.5007873177528381e-01
4.6560830078125000e+03	3.5104641318321228e-01
4.6565366210937500e+03	3.5201618075370789e-01
4.6569907226562500e+03	3.5298705101013184e-01
4.6574443359375000e+03	3.5395783185958862e-01
4.6578979492187500e+03	3.5492762923240662e-01
4.6583520507812500e+03	3.5589540004730225e-01
4.6588056640625000e+03	3.5686013102531433e-01
4.6592597656250000e+03	3.5782071948051453e-01
4.6597138671875000e+03	3.5877612233161926e-01
4.6601679687500000e+03	3.5972517728805542e-01
4.6606220703125000e+03	3.6066663265228271e-01
4.6610761718750000e+03	3.6159920692443848e-01
4.6615302734375000e+03	3.6252152919769287e-01
4.6619843750000000e+03	3.6343213915824890e-01
4.6624384765625000e+03	3.6432954668998718e-01
4.6628930664062500e+03	3.6521217226982117e-01
4.6633471679687500e+03	3.6607846617698669e-01
4.6638017578125000e+03	3.6692672967910767e-01
4.6642558593750000e+03	3.6775538325309753e-01
4.6647104492187500e+03	3.6856269836425781e-01
4.6651650390625000e+03	3.6934733390808105e-01
4.6656196289062500e+03	3.7010765075683594e-01
4.6660742187500000e+03	3.7084236741065979e-01
4.6665288085937500e+03	3.7155032157897949e-01
4.6669833984375000e+03	3.7223058938980103e-01
4.6674384765625000e+03	3.7288236618041992e-01
4.6678930664062500e+03	3.7350517511367798e-01
4.6683476562500000e+03	3.7409883737564087e-01
4.6688027343750000e+03	3.7466338276863098e-01
4.6692578125000000e+03	3.7519910931587219e-01
4.6697124023437500e+03	3.7570691108703613e-01
4.6701674804687500e+03	3.7618759274482727e-01
4.6706225585937500e+03	3.7664255499839783e-01
4.6710776367187500e+03	3.7707325816154480e-01
4.6715327148437500e+03	3.7748149037361145e-01
4.6719882812500000e+03	3.7786930799484253e-01
4.6724433593750000e+03	3.7823885679244995e-01
4.6728984375000000e+03	3.7859237194061279e-01
4.6733540039062500e+03	3.7893241643905640e-01
4.6738090820312500e+03	3.7926125526428223e-01
4.6742646484375000e+03	3.7958142161369324e-01
4.6747202148437500e+03	3.7989526987075806e-01
4.6751757812500000e+03	3.8020509481430054e-01
4.6756313476562500e+03	3.8051319122314453e-01
4.6760869140625000e+03	3.8082146644592285e-01
4.6765424804687500e+03	3.8113188743591309e-01
4.6769980468750000e+03	3.8144609332084656e-01
4.6774536132812500e+03	3.8176548480987549e-01
4.6779096679687500e+03	3.8209140300750732e-01
4.6783652343750000e+03	3.8242480158805847e-01
4.6788212890625000e+03	3.8276645541191101e-01
4.6792768554687500e+03	3.8311696052551270e-01
4.6797329101562500e+03	3.8347679376602173e-01
4.6801889648437500e+03	3.8384598493576050e-01
4.6806450195312500e+03	3.8422468304634094e-01
4.6811010742187500e+03	3.8461270928382874e-01
4.6815571289062500e+03	3.8500988483428955e-01
4.6820131835937500e+03	3.8541573286056519e-01
4.6824697265625000e+03	3.8582983613014221e-01
4.6829257812500000e+03	3.8625174760818481e-01
4.6833818359375000e+03	3.8668081164360046e-01
4.6838383789062500e+03	3.8711640238761902e-01
4.6842949218750000e+03	3.8755789399147034e-01
4.6847509765625000e+03	3.8800466060638428e-01
4.6852075195312500e+03	3.8845595717430115e-01
4.6856640625000000e+03	3.8891118764877319e-01
4.6861206054687500e+03	3.8936963677406311e-01
4.6865771484375000e+03	3.8983070850372314e-01
4.6870341796875000e+03	3.9029374718666077e-01
4.6874907226562500e+03	3.9075800776481628e-01
4.6879472656250000e+03	3.9122286438941956e-01
4.6884042968750000e+03	3.9168769121170044e-01
4.6888608398437500e+03	3.9215180277824402e-01
4.6893178710937500e+03	3.9261445403099060e-01
4.6897749023437500e+03	3.9307492971420288e-01
4.6902319335937500e+03	3.9353254437446594e-01
4.6906889648437500e+03	3.9398637413978577e-01
4.6911459960937500e+03	3.9443564414978027e-01
4.6916030273437500e+03	3.9487937092781067e-01
4.6920600585937500e+03	3.9531669020652771e-01
4.6925170898437500e+03	3.9574652910232544e-01
4.6929746093750000e+03	3.9616781473159790e-01
4.6934316406250000e+03	3.9657941460609436e-01
4.6938891601562500e+03	3.9698013663291931e-01
4.6943461914062500e+03	3.9736878871917725e-01
4.6948037109375000e+03	3.9774414896965027e-01
4.6952612304687500e+03	3.9810493588447571e-01
4.6957187500000000e+03	3.9844980835914612e-01
4.6961762695312500e+03	3.9877757430076599e-01
4.6966337890625000e+03	3.9908692240715027e-01
4.6970913085937500e+03	3.9937660098075867e-01
4.6975493164062500e+03	3.9964553713798523e-01
4.6980068359375000e+03	3.9989256858825684e-01
4.6984648437500000e+03	4.0011668205261230e-01
4.6989223632812500e+03	4.0031704306602478e-01
4.6993803710937500e+03	4.0049281716346741e-01
4.6998383789062500e+03	4.0064331889152527e-01
4.7002958984375000e+03	4.0076807141304016e-01
4.7007539062500000e+03	4.0086659789085388e-01
4.7012119140625000e+03	4.0093871951103210e-01
4.7016704101562500e+03	4.0098434686660767e-01
4.7021284179687500e+03	4.0100347995758057e-01
4.7025864257812500e+03	4.0099632740020752e-01
4.7030444335937500e+03	4.0096312761306763e-01
4.7035029296875000e+03	4.0090444684028625e-01
4.7039614257812500e+03	4.0082067251205444e-01
4.7044194335937500e+03	4.0071246027946472e-01
4.7048779296875000e+03	4.0058049559593201e-01
4.7053364257812500e+03	4.0042546391487122e-01
4.7057949218750000e+03	4.0024822950363159e-01
4.7062534179687500e+03	4.0004956722259521e-01
4.7067119140625000e+03	3.9983016252517700e-01
4.7071704101562500e+03	3.9959090948104858e-01
4.7076293945312500e+03	3.9933249354362488e-01
4.7080878906250000e+03	3.9905571937561035e-01
4.7085468750000000e+03	3.9876121282577515e-01
4.7090053710937500e+03	3.9844965934753418e-01
4.7094643554687500e+03	3.9812168478965759e-01
4.7099233398437500e+03	3.9777776598930359e-01
4.7103818359375000e+03	3.9741849899291992e-01
4.7108408203125000e+03	3.9704427123069763e-01
4.7112998046875000e+03	3.9665555953979492e-01
4.7117592773437500e+03	3.9625281095504761e-01
4.7122182617187500e+03	3.9583638310432434e-01
4.7126772460937500e+03	3.9540672302246094e-01
4.7131367187500000e+03	3.9496415853500366e-01
4.7135957031250000e+03	3.9450913667678833e-01
4.7140551757812500e+03	3.9404213428497314e-01
4.7145141601562500e+03	3.9356353878974915e-01
4.7149736328125000e+03	3.9307391643524170e-01
4.7154331054687500e+03	3.9257371425628662e-01
4.7158925781250000e+03	3.9206358790397644e-01
4.7163520507812500e+03	3.9154413342475891e-01
4.7168115234375000e+03	3.9101594686508179e-01
4.7172714843750000e+03	3.9047971367835999e-01
4.7177309570312500e+03	3.8993608951568604e-01
4.7181904296875000e+03	3.8938575983047485e-01
4.7186503906250000e+03	3.8882932066917419e-01
4.7191098632812500e+03	3.8826745748519897e-01
4.7195698242187500e+03	3.8770064711570740e-01
4.7200297851562500e+03	3.8712951540946960e-01
4.7204897460937500e+03	3.8655441999435425e-01
4.7209497070312500e+03	3.8597559928894043e-01
4.7214096679687500e+03	3.8539326190948486e-01
4.7218696289062500e+03	3.8480752706527710e-01
4.7223295898437500e+03	3.8421821594238281e-01
4.7227900390625000e+03	3.8362503051757812e-01
4.7232500000000000e+03	3.8302764296531677e-01
4.7237104492187500e+03	3.8242545723915100e-01
4.7241704101562500e+03	3.8181769847869873e-01
4.7246308593750000e+03	3.8120347261428833e-01
4.7250913085937500e+03	3.8058191537857056e-01
4.7255517578125000e+03	3.7995177507400513e-01
4.7260122070312500e+03	3.7931194901466370e-01
4.7264726562500000e+03	3.7866118550300598e-01
4.7269331054687500e+03	3.7799823284149170e-01
4.7273935546875000e+03	3.7732186913490295e-01
4.7278544921875000e+03	3.7663093209266663e-01
4.7283149414062500e+03	3.7592428922653198e-01
4.7287758789062500e+03	3.7520101666450500e-01
4.7292363281250000e+03	3.7446030974388123e-01
4.7296972656250000e+03	3.7370145320892334e-01
4.7301582031250000e+03	3.7292414903640747e-01
4.7306191406250000e+03	3.7212809920310974e-01
4.7310800781250000e+03	3.7131336331367493e-01
4.7315410156250000e+03	3.7048017978668213e-01
4.7320019531250000e+03	3.6962917447090149e-01
4.7324628906250000e+03	3.6876097321510315e-01
4.7329243164062500e+03	3.6787655949592590e-01
4.7333852539062500e+03	3.6697715520858765e-01
4.7338466796875000e+03	3.6606401205062866e-01
4.7343076171875000e+03	3.6513870954513550e-01
4.7347690429687500e+03	3.6420285701751709e-01
4.7352304687500000e+03	3.6325815320014954e-01
4.7356918945312500e+03	3.6230626702308655e-01
4.7361533203125000e+03	3.6134916543960571e-01
4.7366147460937500e+03	3.6038842797279358e-01
4.7370761718750000e+03	3.5942596197128296e-01
4.7375375976562500e+03	3.5846334695816040e-01
4.7379995117187500e+03	3.5750225186347961e-01
4.7384609375000000e+03	3.5654413700103760e-01
4.7389228515625000e+03	3.5559040307998657e-01
4.7393842773437500e+03	3.5464233160018921e-01
4.7398461914062500e+03	3.5370105504989624e-01
4.7403081054687500e+03	3.5276749730110168e-01
4.7407700195312500e+03	3.5184261202812195e-01
4.7412319335937500e+03	3.5092702507972717e-01
4.7416938476562500e+03	3.5002145171165466e-01
4.7421557617187500e+03	3.4912627935409546e-01
4.7426181640625000e+03	3.4824192523956299e-01
4.7430800781250000e+03	3.4736874699592590e-01
4.7435419921875000e+03	3.4650671482086182e-01
4.7440043945312500e+03	3.4565615653991699e-01
4.7444667968750000e+03	3.4481701254844666e-01
4.7449287109375000e+03	3.4398934245109558e-01
4.7453911132812500e+03	3.4317302703857422e-01
4.7458535156250000e+03	3.4236806631088257e-01
4.7463159179687500e+03	3.4157425165176392e-01
4.7467783203125000e+03	3.4079152345657349e-01
4.7472412109375000e+03	3.4001964330673218e-01
4.7477036132812500e+03	3.3925852179527283e-01
4.7481660156250000e+03	3.3850800991058350e-01
4.7486289062500000e+03	3.3776795864105225e-01
4.7490917968750000e+03	3.3703812956809998e-01
4.7495541992187500e+03	3.3631840348243713e-01
4.7500170898437500e+03	3.3560863137245178e-01
4.7504799804687500e+03	3.3490866422653198e-01
4.7509428710937500e+03	3.3421835303306580e-01
4.7514057617187500e+03	3.3353757858276367e-01
4.7518686523437500e+03	3.3286625146865845e-01
4.7523315429687500e+03	3.3220422267913818e-01
4.7527949218750000e+03	3.3155149221420288e-01
4.7532578125000000e+03	3.3090785145759583e-01
4.7537211914062500e+03	3.3027327060699463e-01
4.7541840820312500e+03	3.2964766025543213e-01
4.7546474609375000e+03	3.2903105020523071e-01
4.7551108398437500e+03	3.2842332124710083e-01
4.7555742187500000e+03	3.2782447338104248e-01
4.7560375976562500e+03	3.2723444700241089e-01
4.7565009765625000e+03	3.2665318250656128e-01
4.7569643554687500e+03	3.2608067989349365e-01
4.7574277343750000e+03	3.2551702857017517e-01
4.7578911132812500e+03	3.2496213912963867e-01
4.7583549804687500e+03	3.2441598176956177e-01
4.7588183593750000e+03	3.2387852668762207e-01
4.7592822265625000e+03	3.2334986329078674e-01
4.7597460937500000e+03	3.2283353805541992e-01
4.7602099609375000e+03	3.2232275605201721e-01
4.7606733398437500e+03	3.2182076573371887e-01
4.7611372070312500e+03	3.2132759690284729e-01
4.7616015625000000e+03	3.2084321975708008e-01
4.7620654296875000e+03	3.2036760449409485e-01
4.7625292968750000e+03	3.1990087032318115e-01
4.7629931640625000e+03	3.1944295763969421e-01
4.7634575195312500e+03	3.1899383664131165e-01
4.7639213867187500e+03	3.1855350732803345e-01
4.7643857421875000e+03	3.1812199950218201e-01
4.7648500976562500e+03	3.1769928336143494e-01
4.7653144531250000e+03	3.1728529930114746e-01
4.7657788085937500e+03	3.1688007712364197e-01
4.7662431640625000e+03	3.1648355722427368e-01
4.7667075195312500e+03	3.1609570980072021e-01
4.7671718750000000e+03	3.1571656465530396e-01
4.7676362304687500e+03	3.1534597277641296e-01
4.7681010742187500e+03	3.1498396396636963e-01
4.7685654296875000e+03	3.1463041901588440e-01
4.7690302734375000e+03	3.1428539752960205e-01
4.7694946289062500e+03	3.1394878029823303e-01
4.7699594726562500e+03	3.1362050771713257e-01
4.7704243164062500e+03	3.1330052018165588e-01
4.7708891601562500e+03	3.1298878788948059e-01
4.7713540039062500e+03	3.1268525123596191e-01
4.7718188476562500e+03	3.1238979101181030e-01
4.7722836914062500e+03	3.1210243701934814e-01
4.7727490234375000e+03	3.1182301044464111e-01
4.7732138671875000e+03	3.1155160069465637e-01
4.7736787109375000e+03	3.1128802895545959e-01
4.7741440429687500e+03	3.1103238463401794e-01
4.7746093750000000e+03	3.1078818440437317e-01
4.7750742187500000e+03	3.1054827570915222e-01
4.7755395507812500e+03	3.1031602621078491e-01
4.7760048828125000e+03	3.1009152531623840e-01
4.7764702148437500e+03	3.0987462401390076e-01
4.7769360351562500e+03	3.0966538190841675e-01
4.7774013671875000e+03	3.0946367979049683e-01
4.7778666992187500e+03	3.0926954746246338e-01
4.7783325195312500e+03	3.0908301472663879e-01
4.7787978515625000e+03	3.0890402197837830e-01
4.7792636718750000e+03	3.0873250961303711e-01
4.7797290039062500e+03	3.0856853723526001e-01
4.7801948242187500e+03	3.0841207504272461e-01
4.7806606445312500e+03	3.0826315283775330e-01
4.7811264648437500e+03	3.0812177062034607e-01
4.7815922851562500e+03	3.0798795819282532e-01
4.7820581054687500e+03	3.0786162614822388e-01
4.7825244140625000e+03	3.0774298310279846e-01
4.7829902343750000e+03	3.0763193964958191e-01
4.7834560546875000e+03	3.0752861499786377e-01
4.7839223632812500e+03	3.0743300914764404e-01
4.7843886718750000e+03	3.0734521150588989e-01
4.7848544921875000e+03	3.0726522207260132e-01
4.7853208007812500e+03	3.0719324946403503e-01
4.7857871093750000e+03	3.0712929368019104e-01
4.7862534179687500e+03	3.0707344412803650e-01
4.7867197265625000e+03	3.0702584981918335e-01
4.7871860351562500e+03	3.0698660016059875e-01
4.7876528320312500e+03	3.0695581436157227e-01
4.7881191406250000e+03	3.0693358182907104e-01
4.7885859375000000e+03	3.0692005157470703e-01
4.7890522460937500e+03	3.0691537261009216e-01
4.7895190429687500e+03	3.0691960453987122e-01
4.7899858398437500e+03	3.0693286657333374e-01
4.7904521484375000e+03	3.0695527791976929e-01
4.7909189453125000e+03	3.0698698759078979e-01
4.7913857421875000e+03	3.0703172087669373e-01
4.7918525390625000e+03	3.0708232522010803e-01
4.7923198242187500e+03	3.0714249610900879e-01
4.7927866210937500e+03	3.0721211433410645e-01
4.7932534179687500e+03	3.0729126930236816e-01
4.7937207031250000e+03	3.0737996101379395e-01
4.7941879882812500e+03	3.0747812986373901e-01
4.7946547851562500e+03	3.0758589506149292e-01
4.7951220703125000e+03	3.0770307779312134e-01
4.7955893554687500e+03	3.0782973766326904e-01
4.7960566406250000e+03	3.0796584486961365e-01
4.7965239257812500e+03	3.0811139941215515e-01
4.7969912109375000e+03	3.0826634168624878e-01
4.7974584960937500e+03	3.0843070149421692e-01
4.7979262695312500e+03	3.0860456824302673e-01
4.7983935546875000e+03	3.0878797173500061e-01
4.7988613281250000e+03	3.0898109078407288e-01
4.7993286132812500e+03	3.0918413400650024e-01
4.7997963867187500e+03	3.0939719080924988e-01
4.8002641601562500e+03	3.0962067842483521e-01
4.8007319335937500e+03	3.0985486507415771e-01
4.8011997070312500e+03	3.1010013818740845e-01
4.8016674804687500e+03	3.1035694479942322e-01
4.8021352539062500e+03	3.1062582135200500e-01
4.8026030273437500e+03	3.1090715527534485e-01
4.8030712890625000e+03	3.1120163202285767e-01
4.8035390625000000e+03	3.1150975823402405e-01
4.8040073242187500e+03	3.1183221936225891e-01
4.8044750976562500e+03	3.1216955184936523e-01
4.8049433593750000e+03	3.1252238154411316e-01
4.8054116210937500e+03	3.1289124488830566e-01
4.8058798828125000e+03	3.1327682733535767e-01
4.8063481445312500e+03	3.1367957592010498e-01
4.8068164062500000e+03	3.1410002708435059e-01
4.8072846679687500e+03	3.1453862786293030e-01
4.8077529296875000e+03	3.1499576568603516e-01
4.8082216796875000e+03	3.1547185778617859e-01
4.8086899414062500e+03	3.1597116589546204e-01
4.8091586914062500e+03	3.1648695468902588e-01
4.8096269531250000e+03	3.1702271103858948e-01
4.8100957031250000e+03	3.1757852435112000e-01
4.8105644531250000e+03	3.1815475225448608e-01
4.8110332031250000e+03	3.1875133514404297e-01
4.8115019531250000e+03	3.1936848163604736e-01
4.8119707031250000e+03	3.2000616192817688e-01
4.8124394531250000e+03	3.2066446542739868e-01
4.8129086914062500e+03	3.2134330272674561e-01
4.8133774414062500e+03	3.2204255461692810e-01
4.8138466796875000e+03	3.2276216149330139e-01
4.8143154296875000e+03	3.2350185513496399e-01
4.8147846679687500e+03	3.2426142692565918e-01
4.8152539062500000e+03	3.2504060864448547e-01
4.8157231445312500e+03	3.2583901286125183e-01
4.8161923828125000e+03	3.2665622234344482e-01
4.8166616210937500e+03	3.2749176025390625e-01
4.8171308593750000e+03	3.2834520936012268e-01
4.8176000976562500e+03	3.2921618223190308e-01
4.8180698242187500e+03	3.3010402321815491e-01
4.8185390625000000e+03	3.3100840449333191e-01
4.8190087890625000e+03	3.3192902803421021e-01
4.8194780273437500e+03	3.3286577463150024e-01
4.8199477539062500e+03	3.3381843566894531e-01
4.8204174804687500e+03	3.3478733897209167e-01
4.8208872070312500e+03	3.3577299118041992e-01
4.8213569335937500e+03	3.3677616715431213e-01
4.8218266601562500e+03	3.3779805898666382e-01
4.8222963867187500e+03	3.3884030580520630e-01
4.8227661132812500e+03	3.3990505337715149e-01
4.8232363281250000e+03	3.4099498391151428e-01
4.8237060546875000e+03	3.4211328625679016e-01
4.8241762695312500e+03	3.4326389431953430e-01
4.8246459960937500e+03	3.4445121884346008e-01
4.8251162109375000e+03	3.4568038582801819e-01
4.8255864257812500e+03	3.4695726633071899e-01
4.8260566406250000e+03	3.4828829765319824e-01
4.8265268554687500e+03	3.4968069195747375e-01
4.8269970703125000e+03	3.5114222764968872e-01
4.8274672851562500e+03	3.5268142819404602e-01
4.8279379882812500e+03	3.5430744290351868e-01
4.8284082031250000e+03	3.5603004693984985e-01
4.8288789062500000e+03	3.5785961151123047e-01
4.8293491210937500e+03	3.5980713367462158e-01
4.8298198242187500e+03	3.6188411712646484e-01
4.8302905273437500e+03	3.6410272121429443e-01
4.8307612304687500e+03	3.6647549271583557e-01
4.8312319335937500e+03	3.6901557445526123e-01
4.8317026367187500e+03	3.7173655629158020e-01
4.8321733398437500e+03	3.7465241551399231e-01
4.8326440429687500e+03	3.7777766585350037e-01
4.8331152343750000e+03	3.8112702965736389e-01
4.8335859375000000e+03	3.8471570611000061e-01
4.8340571289062500e+03	3.8855922222137451e-01
4.8345278320312500e+03	3.9267316460609436e-01
4.8349990234375000e+03	3.9707347750663757e-01
4.8354702148437500e+03	4.0177613496780396e-01
4.8359414062500000e+03	4.0679714083671570e-01
4.8364125976562500e+03	4.1215240955352783e-01
4.8368837890625000e+03	4.1785779595375061e-01
4.8373549804687500e+03	4.2392864823341370e-01
4.8378261718750000e+03	4.3038010597229004e-01
4.8382978515625000e+03	4.3722662329673767e-01
4.8387690429687500e+03	4.4448181986808777e-01
4.8392407226562500e+03	4.5215854048728943e-01
4.8397124023437500e+03	4.6026852726936340e-01
4.8401835937500000e+03	4.6882215142250061e-01
4.8406552734375000e+03	4.7782841324806213e-01
4.8411269531250000e+03	4.8729452490806580e-01
4.8415986328125000e+03	4.9722588062286377e-01
4.8420703125000000e+03	5.0762575864791870e-01
4.8425424804687500e+03	5.1849508285522461e-01
4.8430141601562500e+03	5.2983224391937256e-01
4.8434858398437500e+03	5.4163300991058350e-01
4.8439580078125000e+03	5.5389022827148438e-01
4.8444296875000000e+03	5.6659376621246338e-01
4.8449018554687500e+03	5.7973015308380127e-01
4.8453740234375000e+03	5.9328275918960571e-01
4.8458461914062500e+03	6.0723477602005005e-01
4.8463183593750000e+03	6.2155646085739136e-01
4.8467905273437500e+03	6.3622343540191650e-01
4.8472626953125000e+03	6.5120464563369751e-01
4.8477348632812500e+03	6.6646593809127808e-01
4.8482075195312500e+03	6.8196928501129150e-01
4.8486796875000000e+03	6.9767349958419800e-01
4.8491523437500000e+03	7.1353387832641602e-01
4.8496245117187500e+03	7.2950255870819092e-01
4.8500971679687500e+03	7.4552899599075317e-01
4.8505698242187500e+03	7.6155984401702881e-01
4.8510424804687500e+03	7.7753925323486328e-01
4.8515151367187500e+03	7.9340964555740356e-01
4.8519877929687500e+03	8.0911147594451904e-01
4.8524604492187500e+03	8.2458370923995972e-01
4.8529335937500000e+03	8.3976483345031738e-01
4.8534062500000000e+03	8.5459262132644653e-01
4.8538793945312500e+03	8.6900508403778076e-01
4.8543520507812500e+03	8.8294047117233276e-01
4.8548251953125000e+03	8.9633798599243164e-01
4.8552983398437500e+03	9.0913861989974976e-01
4.8557714843750000e+03	9.2128515243530273e-01
4.8562446289062500e+03	9.3272268772125244e-01
4.8567177734375000e+03	9.4339966773986816e-01
4.8571909179687500e+03	9.5326751470565796e-01
4.8576640625000000e+03	9.6228188276290894e-01
4.8581372070312500e+03	9.7040224075317383e-01
4.8586108398437500e+03	9.7759312391281128e-01
4.8590839843750000e+03	9.8382353782653809e-01
4.8595576171875000e+03	9.8906832933425903e-01
4.8600312500000000e+03	9.9330693483352661e-01
4.8605048828125000e+03	9.9652522802352905e-01
4.8609785156250000e+03	9.9871444702148438e-01
4.8614521484375000e+03	9.9987173080444336e-01
4.8619257812500000e+03	1.0000000000000000e+00
4.8623994140625000e+03	9.9910795688629150e-01
4.8628730468750000e+03	9.9720978736877441e-01
4.8633471679687500e+03	9.9432539939880371e-01
4.8638208007812500e+03	9.9048000574111938e-01
4.8642949218750000e+03	9.8570328950881958e-01
4.8647685546875000e+03	9.8003011941909790e-01
4.8652426757812500e+03	9.7349929809570312e-01
4.8657167968750000e+03	9.6615362167358398e-01
4.8661909179687500e+03	9.5803916454315186e-01
4.8666650390625000e+03	9.4920504093170166e-01
4.8671391601562500e+03	9.3970286846160889e-01
4.8676132812500000e+03	9.2958599328994751e-01
4.8680878906250000e+03	9.1890966892242432e-01
4.8685620117187500e+03	9.0772956609725952e-01
4.8690366210937500e+03	8.9610230922698975e-01
4.8695107421875000e+03	8.8408446311950684e-01
4.8699853515625000e+03	8.7173181772232056e-01
4.8704599609375000e+03	8.5909974575042725e-01
4.8709345703125000e+03	8.4624236822128296e-01
4.8714091796875000e+03	8.3320844173431396e-01
4.8718837890625000e+03	8.2005560398101807e-01
4.8723583984375000e+03	8.0682873725891113e-01
4.8728330078125000e+03	7.9357361793518066e-01
4.8733081054687500e+03	7.8033393621444702e-01
4.8737827148437500e+03	7.6715010404586792e-01
4.8742578125000000e+03	7.5406008958816528e-01
4.8747324218750000e+03	7.4109882116317749e-01
4.8752075195312500e+03	7.2829812765121460e-01
4.8756826171875000e+03	7.1568715572357178e-01
4.8761577148437500e+03	7.0329189300537109e-01
4.8766328125000000e+03	6.9113552570343018e-01
4.8771079101562500e+03	6.7923814058303833e-01
4.8775830078125000e+03	6.6761749982833862e-01
4.8780585937500000e+03	6.5628844499588013e-01
4.8785336914062500e+03	6.4526343345642090e-01
4.8790092773437500e+03	6.3455224037170410e-01
4.8794843750000000e+03	6.2416267395019531e-01
4.8799599609375000e+03	6.1410015821456909e-01
4.8804355468750000e+03	6.0436832904815674e-01
4.8809111328125000e+03	5.9496885538101196e-01
4.8813867187500000e+03	5.8590173721313477e-01
4.8818623046875000e+03	5.7716530561447144e-01
4.8823378906250000e+03	5.6876033544540405e-01
4.8828134765625000e+03	5.6067544221878052e-01
4.8832895507812500e+03	5.5290871858596802e-01
4.8837651367187500e+03	5.4545372724533081e-01
4.8842412109375000e+03	5.3830325603485107e-01
4.8847167968750000e+03	5.3144931793212891e-01
4.8851928710937500e+03	5.2488327026367188e-01
4.8856689453125000e+03	5.1859599351882935e-01
4.8861450195312500e+03	5.1257807016372681e-01
4.8866210937500000e+03	5.0681966543197632e-01
4.8870971679687500e+03	5.0131076574325562e-01
4.8875732421875000e+03	4.9604123830795288e-01
4.8880498046875000e+03	4.9100098013877869e-01
4.8885258789062500e+03	4.8617979884147644e-01
4.8890019531250000e+03	4.8156762123107910e-01
4.8894785156250000e+03	4.7715443372726440e-01
4.8899550781250000e+03	4.7293046116828918e-01
4.8904316406250000e+03	4.6888619661331177e-01
4.8909077148437500e+03	4.6501222252845764e-01
4.8913842773437500e+03	4.6129941940307617e-01
4.8918613281250000e+03	4.5773896574974060e-01
4.8923378906250000e+03	4.5432233810424805e-01
4.8928144531250000e+03	4.5104128122329712e-01
4.8932910156250000e+03	4.4788786768913269e-01
4.8937680664062500e+03	4.4485443830490112e-01
4.8942446289062500e+03	4.4193390011787415e-01
4.8947216796875000e+03	4.3911910057067871e-01
4.8951987304687500e+03	4.3640357255935669e-01
4.8956757812500000e+03	4.3378099799156189e-01
4.8961528320312500e+03	4.3124559521675110e-01
4.8966298828125000e+03	4.2879173159599304e-01
4.8971069335937500e+03	4.2641428112983704e-01
4.8975839843750000e+03	4.2410844564437866e-01
4.8980610351562500e+03	4.2186984419822693e-01
4.8985385742187500e+03	4.1969433426856995e-01
4.8990156250000000e+03	4.1757816076278687e-01
4.8994931640625000e+03	4.1551810503005981e-01
4.8999702148437500e+03	4.1351103782653809e-01
4.9004477539062500e+03	4.1155436635017395e-01
4.9009252929687500e+03	4.0964573621749878e-01
4.9014028320312500e+03	4.0778303146362305e-01
4.9018803710937500e+03	4.0596467256546021e-01
4.9023579101562500e+03	4.0418922901153564e-01
4.9028359375000000e+03	4.0245553851127625e-01
4.9033134765625000e+03	4.0076270699501038e-01
4.9037915039062500e+03	3.9911016821861267e-01
4.9042690429687500e+03	3.9749765396118164e-01
4.9047470703125000e+03	3.9592495560646057e-01
4.9052246093750000e+03	3.9439231157302856e-01
4.9057026367187500e+03	3.9290001988410950e-01
4.9061806640625000e+03	3.9144867658615112e-01
4.9066586914062500e+03	3.9003902673721313e-01
4.9071367187500000e+03	3.8867205381393433e-01
4.9076152343750000e+03	3.8734880089759827e-01
4.9080932617187500e+03	3.8607046008110046e-01
4.9085712890625000e+03	3.8483840227127075e-01
4.9090498046875000e+03	3.8365390896797180e-01
4.9095283203125000e+03	3.8251838088035583e-01
4.9100063476562500e+03	3.8143306970596313e-01
4.9104848632812500e+03	3.8039916753768921e-01
4.9109633789062500e+03	3.7941759824752808e-01
4.9114418945312500e+03	3.7848907709121704e-01
4.9119204101562500e+03	3.7761402130126953e-01
4.9123989257812500e+03	3.7679237127304077e-01
4.9128774414062500e+03	3.7602356076240540e-01
4.9133564453125000e+03	3.7530654668807983e-01
4.9138349609375000e+03	3.7463667988777161e-01
4.9143139648437500e+03	3.7401467561721802e-01
4.9147929687500000e+03	3.7344124913215637e-01
4.9152714843750000e+03	3.7290838360786438e-01
4.9157504882812500e+03	3.7241163849830627e-01
4.9162294921875000e+03	3.7194588780403137e-01
4.9167084960937500e+03	3.7150526046752930e-01
4.9171875000000000e+03	3.7108334898948669e-01
4.9176665039062500e+03	3.7067320942878723e-01
4.9181459960937500e+03	3.7026751041412354e-01
4.9186250000000000e+03	3.6985871195793152e-01
4.9191044921875000e+03	3.6943918466567993e-01
4.9195834960937500e+03	3.6900126934051514e-01
4.9200629882812500e+03	3.6853736639022827e-01
4.9205424804687500e+03	3.6804050207138062e-01
4.9210219726562500e+03	3.6750406026840210e-01
4.9215014648437500e+03	3.6692202091217041e-01
4.9219809570312500e+03	3.6628931760787964e-01
4.9224604492187500e+03	3.6560165882110596e-01
4.9229399414062500e+03	3.6485582590103149e-01
4.9234199218750000e+03	3.6404967308044434e-01
4.9238994140625000e+03	3.6318206787109375e-01
4.9243793945312500e+03	3.6225309967994690e-01
4.9248588867187500e+03	3.6126396059989929e-01
4.9253388671875000e+03	3.6021685600280762e-01
4.9258188476562500e+03	3.5911494493484497e-01
4.9262988281250000e+03	3.5796231031417847e-01
4.9267788085937500e+03	3.5676392912864685e-01
4.9272587890625000e+03	3.5552528500556946e-01
4.9277387695312500e+03	3.5425251722335815e-01
4.9282192382812500e+03	3.5295197367668152e-01
4.9286992187500000e+03	3.5163041949272156e-01
4.9291796875000000e+03	3.5029470920562744e-01
4.9296596679687500e+03	3.4895148873329163e-01
4.9301401367187500e+03	3.4760737419128418e-01
4.9306206054687500e+03	3.4626868367195129e-01
4.9311010742187500e+03	3.4494134783744812e-01
4.9315815429687500e+03	3.4363093972206116e-01
4.9320620117187500e+03	3.4234225749969482e-01
4.9325424804687500e+03	3.4107995033264160e-01
4.9330229492187500e+03	3.3984771370887756e-01
4.9335039062500000e+03	3.3864876627922058e-01
4.9339843750000000e+03	3.3748582005500793e-01
4.9344653320312500e+03	3.3636078238487244e-01
4.9349462890625000e+03	3.3527514338493347e-01
4.9354267578125000e+03	3.3422982692718506e-01
4.9359077148437500e+03	3.3322516083717346e-01
4.9363886718750000e+03	3.3226108551025391e-01
4.9368696289062500e+03	3.3133697509765625e-01
4.9373505859375000e+03	3.3045196533203125e-01
4.9378320312500000e+03	3.2960477471351624e-01
4.9383129882812500e+03	3.2879379391670227e-01
4.9387939453125000e+03	3.2801717519760132e-01
4.9392753906250000e+03	3.2727286219596863e-01
4.9397568359375000e+03	3.2655864953994751e-01
4.9402377929687500e+03	3.2587212324142456e-01
4.9407192382812500e+03	3.2521083950996399e-01
4.9412006835937500e+03	3.2457232475280762e-01
4.9416821289062500e+03	3.2395395636558533e-01
4.9421635742187500e+03	3.2335323095321655e-01
4.9426450195312500e+03	3.2276770472526550e-01
4.9431269531250000e+03	3.2219490408897400e-01
4.9436083984375000e+03	3.2163259387016296e-01
4.9440903320312500e+03	3.2107856869697571e-01
4.9445717773437500e+03	3.2053095102310181e-01
4.9450537109375000e+03	3.1998780369758606e-01
4.9455356445312500e+03	3.1944748759269714e-01
4.9460175781250000e+03	3.1890863180160522e-01
4.9464995117187500e+03	3.1837007403373718e-01
4.9469814453125000e+03	3.1783080101013184e-01
4.9474633789062500e+03	3.1729006767272949e-01
4.9479453125000000e+03	3.1674733757972717e-01
4.9484277343750000e+03	3.1620234251022339e-01
4.9489096679687500e+03	3.1565499305725098e-01
4.9493920898437500e+03	3.1510522961616516e-01
4.9498740234375000e+03	3.1455340981483459e-01
4.9503564453125000e+03	3.1399998068809509e-01
4.9508388671875000e+03	3.1344535946846008e-01
4.9513212890625000e+03	3.1289023160934448e-01
4.9518037109375000e+03	3.1233528256416321e-01
4.9522861328125000e+03	3.1178134679794312e-01
4.9527685546875000e+03	3.1122928857803345e-01
4.9532514648437500e+03	3.1067988276481628e-01
4.9537338867187500e+03	3.1013402342796326e-01
4.9542167968750000e+03	3.0959251523017883e-01
4.9546992187500000e+03	3.0905622243881226e-01
4.9551821289062500e+03	3.0852594971656799e-01
4.9556650390625000e+03	3.0800238251686096e-01
4.9561479492187500e+03	3.0748623609542847e-01
4.9566308593750000e+03	3.0697816610336304e-01
4.9571137695312500e+03	3.0647870898246765e-01
4.9575966796875000e+03	3.0598837137222290e-01
4.9580795898437500e+03	3.0550760030746460e-01
4.9585629882812500e+03	3.0503684282302856e-01
4.9590458984375000e+03	3.0457636713981628e-01
4.9595292968750000e+03	3.0412641167640686e-01
4.9600122070312500e+03	3.0368727445602417e-01
4.9604956054687500e+03	3.0325904488563538e-01
4.9609790039062500e+03	3.0284193158149719e-01
4.9614624023437500e+03	3.0243587493896484e-01
4.9619458007812500e+03	3.0204093456268311e-01
4.9624291992187500e+03	3.0165705084800720e-01
4.9629125976562500e+03	3.0128416419029236e-01
4.9633964843750000e+03	3.0092218518257141e-01
4.9638798828125000e+03	3.0057090520858765e-01
4.9643637695312500e+03	3.0023011565208435e-01
4.9648471679687500e+03	2.9989963769912720e-01
4.9653310546875000e+03	2.9957920312881470e-01
4.9658149414062500e+03	2.9926848411560059e-01
4.9662988281250000e+03	2.9896724224090576e-01
4.9667827148437500e+03	2.9867509007453918e-01
4.9672666015625000e+03	2.9839181900024414e-01
4.9677504882812500e+03	2.9811704158782959e-01
4.9682348632812500e+03	2.9785048961639404e-01
4.9687187500000000e+03	2.9759195446968079e-01
4.9692031250000000e+03	2.9734113812446594e-01
4.9696870117187500e+03	2.9709789156913757e-01
4.9701713867187500e+03	2.9686212539672852e-01
4.9706557617187500e+03	2.9663380980491638e-01
4.9711401367187500e+03	2.9641297459602356e-01
4.9716245117187500e+03	2.9619973897933960e-01
4.9721088867187500e+03	2.9599434137344360e-01
4.9725932617187500e+03	2.9579707980155945e-01
4.9730776367187500e+03	2.9560846090316772e-01
4.9735625000000000e+03	2.9542896151542664e-01
4.9740468750000000e+03	2.9525926709175110e-01
4.9745317382812500e+03	2.9510015249252319e-01
4.9750161132812500e+03	2.9495245218276978e-01
4.9755009765625000e+03	2.9481711983680725e-01
4.9759858398437500e+03	2.9469516873359680e-01
4.9764707031250000e+03	2.9458767175674438e-01
4.9769555664062500e+03	2.9449582099914551e-01
4.9774404296875000e+03	2.9442068934440613e-01
4.9779252929687500e+03	2.9436343908309937e-01
4.9784106445312500e+03	2.9432523250579834e-01
4.9788955078125000e+03	2.9430708289146423e-01
4.9793808593750000e+03	2.9430997371673584e-01
4.9798657226562500e+03	2.9433476924896240e-01
4.9803510742187500e+03	2.9438221454620361e-01
4.9808364257812500e+03	2.9445278644561768e-01
4.9813217773437500e+03	2.9454684257507324e-01
4.9818071289062500e+03	2.9466450214385986e-01
4.9822924804687500e+03	2.9480552673339844e-01
4.9827778320312500e+03	2.9496946930885315e-01
4.9832636718750000e+03	2.9515561461448669e-01
4.9837490234375000e+03	2.9536285996437073e-01
4.9842348632812500e+03	2.9558655619621277e-01
4.9847202148437500e+03	2.9583197832107544e-01
4.9852060546875000e+03	2.9609352350234985e-01
4.9856918945312500e+03	2.9636898636817932e-01
4.9861777343750000e+03	2.9665589332580566e-01
4.9866635742187500e+03	2.9695150256156921e-01
4.9871494140625000e+03	2.9725316166877747e-01
4.9876352539062500e+03	2.9755777120590210e-01
4.9881210937500000e+03	2.9786244034767151e-01
4.9886074218750000e+03	2.9816418886184692e-01
4.9890932617187500e+03	2.9846015572547913e-01
4.9895795898437500e+03	2.9874756932258606e-01
4.9900654296875000e+03	2.9902389645576477e-01
4.9905517578125000e+03	2.9928684234619141e-01
4.9910380859375000e+03	2.9953441023826599e-01
4.9915244140625000e+03	2.9976499080657959e-01
4.9920107421875000e+03	2.9997739195823669e-01
4.9924970703125000e+03	3.0017080903053284e-01
4.9929833984375000e+03	3.0034485459327698e-01
4.9934702148437500e+03	3.0049970746040344e-01
4.9939565429687500e+03	3.0063584446907043e-01
4.9944433593750000e+03	3.0075430870056152e-01
4.9949296875000000e+03	3.0085650086402893e-01
4.9954165039062500e+03	3.0094420909881592e-01
4.9959033203125000e+03	3.0101957917213440e-01
4.9963901367187500e+03	3.0108505487442017e-01
4.9968769531250000e+03	3.0114331841468811e-01
4.9973637695312500e+03	3.0119732022285461e-01
4.9978505859375000e+03	3.0125012993812561e-01
4.9983378906250000e+03	3.0130487680435181e-01
4.9988247070312500e+03	3.0136486887931824e-01
4.9993120117187500e+03	3.0143329501152039e-01
4.9997988281250000e+03	3.0151343345642090e-01
5.0002861328125000e+03	3.0160847306251526e-01
5.0007734375000000e+03	3.0172145366668701e-01
5.0012607421875000e+03	3.0185535550117493e-01
5.0017480468750000e+03	3.0201295018196106e-01
5.0022353515625000e+03	3.0219686031341553e-01
5.0027226562500000e+03	3.0240947008132935e-01
5.0032099609375000e+03	3.0265295505523682e-01
5.0036977539062500e+03	3.0292922258377075e-01
5.0041850585937500e+03	3.0323985219001770e-01
5.0046728515625000e+03	3.0358606576919556e-01
5.0051601562500000e+03	3.0396884679794312e-01
5.0056479492187500e+03	3.0438861250877380e-01
5.0061357421875000e+03	3.0484545230865479e-01
5.0066235351562500e+03	3.0533891916275024e-01
5.0071113281250000e+03	3.0586799979209900e-01
5.0075991210937500e+03	3.0643123388290405e-01
5.0080874023437500e+03	3.0702647566795349e-01
5.0085751953125000e+03	3.0765107274055481e-01
5.0090629882812500e+03	3.0830159783363342e-01
5.0095512695312500e+03	3.0897411704063416e-01
5.0100395507812500e+03	3.0966404080390930e-01
5.0105273437500000e+03	3.1036624312400818e-01
5.0110156250000000e+03	3.1107500195503235e-01
5.0115039062500000e+03	3.1178405880928040e-01
5.0119921875000000e+03	3.1248694658279419e-01
5.0124804687500000e+03	3.1317669153213501e-01
5.0129692382812500e+03	3.1384614109992981e-01
5.0134575195312500e+03	3.1448820233345032e-01
5.0139462890625000e+03	3.1509572267532349e-01
5.0144345703125000e+03	3.1566169857978821e-01
5.0149233398437500e+03	3.1617948412895203e-01
5.0154116210937500e+03	3.1664296984672546e-01
5.0159003906250000e+03	3.1704637408256531e-01
5.0163891601562500e+03	3.1738486886024475e-01
5.0168779296875000e+03	3.1765431165695190e-01
5.0173666992187500e+03	3.1785136461257935e-01
5.0178559570312500e+03	3.1797364354133606e-01
5.0183447265625000e+03	3.1801977753639221e-01
5.0188334960937500e+03	3.1798943877220154e-01
5.0193227539062500e+03	3.1788313388824463e-01
5.0198115234375000e+03	3.1770235300064087e-01
5.0203007812500000e+03	3.1744959950447083e-01
5.0207900390625000e+03	3.1712797284126282e-01
5.0212792968750000e+03	3.1674149632453918e-01
5.0217685546875000e+03	3.1629472970962524e-01
5.0222578125000000e+03	3.1579273939132690e-01
5.0227470703125000e+03	3.1524097919464111e-01
5.0232363281250000e+03	3.1464174389839172e-01
5.0237260742187500e+03	3.1400805711746216e-01
5.0242153320312500e+03	3.1334221363067627e-01
5.0247050781250000e+03	3.1265002489089966e-01
5.0251948242187500e+03	3.1193718314170837e-01
5.0256840820312500e+03	3.1120920181274414e-01
5.0261738281250000e+03	3.1047111749649048e-01
5.0266635742187500e+03	3.0972775816917419e-01
5.0271533203125000e+03	3.0898350477218628e-01
5.0276435546875000e+03	3.0824220180511475e-01
5.0281333007812500e+03	3.0750724673271179e-01
5.0286230468750000e+03	3.0678176879882812e-01
5.0291132812500000e+03	3.0606818199157715e-01
5.0296030273437500e+03	3.0536857247352600e-01
5.0300932617187500e+03	3.0468463897705078e-01
5.0305834960937500e+03	3.0401757359504700e-01
5.0310732421875000e+03	3.0336833000183105e-01
5.0315634765625000e+03	3.0273741483688354e-01
5.0320537109375000e+03	3.0212503671646118e-01
5.0325444335937500e+03	3.0153104662895203e-01
5.0330346679687500e+03	3.0095523595809937e-01
5.0335249023437500e+03	3.0039694905281067e-01
5.0340156250000000e+03	2.9985547065734863e-01
5.0345058593750000e+03	2.9932981729507446e-01
5.0349965820312500e+03	2.9881888628005981e-01
5.0354873046875000e+03	2.9832148551940918e-01
5.0359775390625000e+03	2.9783621430397034e-01
5.0364682617187500e+03	2.9736167192459106e-01
5.0369589843750000e+03	2.9689639806747437e-01
5.0374501953125000e+03	2.9643881320953369e-01
5.0379409179687500e+03	2.9598739743232727e-01
5.0384316406250000e+03	2.9554057121276855e-01
5.0389228515625000e+03	2.9509690403938293e-01
5.0394135742187500e+03	2.9465493559837341e-01
5.0399047851562500e+03	2.9421320557594299e-01
5.0403955078125000e+03	2.9377046227455139e-01
5.0408867187500000e+03	2.9332557320594788e-01
5.0413779296875000e+03	2.9287746548652649e-01
5.0418691406250000e+03	2.9242521524429321e-01
5.0423603515625000e+03	2.9196816682815552e-01
5.0428515625000000e+03	2.9150572419166565e-01
5.0433432617187500e+03	2.9103747010231018e-01
5.0438344726562500e+03	2.9056316614151001e-01
5.0443261718750000e+03	2.9008275270462036e-01
5.0448173828125000e+03	2.8959631919860840e-01
5.0453090820312500e+03	2.8910413384437561e-01
5.0458007812500000e+03	2.8860652446746826e-01
5.0462924804687500e+03	2.8810399770736694e-01
5.0467841796875000e+03	2.8759717941284180e-01
5.0472758789062500e+03	2.8708666563034058e-01
5.0477675781250000e+03	2.8657320141792297e-01
5.0482592773437500e+03	2.8605759143829346e-01
5.0487514648437500e+03	2.8554061055183411e-01
5.0492431640625000e+03	2.8502306342124939e-01
5.0497353515625000e+03	2.8450566530227661e-01
5.0502270507812500e+03	2.8398922085762024e-01
5.0507192382812500e+03	2.8347444534301758e-01
5.0512114257812500e+03	2.8296193480491638e-01
5.0517036132812500e+03	2.8245231509208679e-01
5.0521958007812500e+03	2.8194615244865417e-01
5.0526879882812500e+03	2.8144392371177673e-01
5.0531806640625000e+03	2.8094598650932312e-01
5.0536728515625000e+03	2.8045272827148438e-01
5.0541650390625000e+03	2.7996444702148438e-01
5.0546577148437500e+03	2.7948141098022461e-01
5.0551503906250000e+03	2.7900379896163940e-01
5.0556425781250000e+03	2.7853178977966309e-01
5.0561352539062500e+03	2.7806556224822998e-01
5.0566279296875000e+03	2.7760514616966248e-01
5.0571206054687500e+03	2.7715069055557251e-01
5.0576132812500000e+03	2.7670231461524963e-01
5.0581064453125000e+03	2.7625995874404907e-01
5.0585991210937500e+03	2.7582374215126038e-01
5.0590917968750000e+03	2.7539372444152832e-01
5.0595849609375000e+03	2.7496978640556335e-01
5.0600781250000000e+03	2.7455204725265503e-01
5.0605708007812500e+03	2.7414026856422424e-01
5.0610639648437500e+03	2.7373453974723816e-01
5.0615571289062500e+03	2.7333462238311768e-01
5.0620502929687500e+03	2.7294027805328369e-01
5.0625434570312500e+03	2.7255132794380188e-01
5.0630371093750000e+03	2.7216741442680359e-01
5.0635302734375000e+03	2.7178812026977539e-01
5.0640234375000000e+03	2.7141299843788147e-01
5.0645170898437500e+03	2.7104157209396362e-01
5.0650107421875000e+03	2.7067318558692932e-01
5.0655039062500000e+03	2.7030724287033081e-01
5.0659975585937500e+03	2.6994302868843079e-01
5.0664912109375000e+03	2.6957973837852478e-01
5.0669848632812500e+03	2.6921674609184265e-01
5.0674785156250000e+03	2.6885315775871277e-01
5.0679721679687500e+03	2.6848831772804260e-01
5.0684663085937500e+03	2.6812142133712769e-01
5.0689599609375000e+03	2.6775184273719788e-01
5.0694541015625000e+03	2.6737898588180542e-01
5.0699477539062500e+03	2.6700225472450256e-01
5.0704418945312500e+03	2.6662126183509827e-01
5.0709360351562500e+03	2.6623567938804626e-01
5.0714301757812500e+03	2.6584529876708984e-01
5.0719243164062500e+03	2.6545006036758423e-01
5.0724184570312500e+03	2.6504999399185181e-01
5.0729125976562500e+03	2.6464527845382690e-01
5.0734067382812500e+03	2.6423630118370056e-01
5.0739013671875000e+03	2.6382344961166382e-01
5.0743955078125000e+03	2.6340728998184204e-01
5.0748901367187500e+03	2.6298508048057556e-01
5.0753847656250000e+03	2.6256453990936279e-01
5.0758789062500000e+03	2.6214286684989929e-01
5.0763735351562500e+03	2.6172095537185669e-01
5.0768681640625000e+03	2.6129963994026184e-01
5.0773627929687500e+03	2.6087987422943115e-01
5.0778579101562500e+03	2.6046255230903625e-01
5.0783525390625000e+03	2.6004862785339355e-01
5.0788471679687500e+03	2.5963890552520752e-01
5.0793422851562500e+03	2.5923430919647217e-01
5.0798369140625000e+03	2.5883552432060242e-01
5.0803320312500000e+03	2.5844338536262512e-01
5.0808271484375000e+03	2.5805851817131042e-01
5.0813222656250000e+03	2.5768157839775085e-01
5.0818173828125000e+03	2.5731307268142700e-01
5.0823125000000000e+03	2.5695353746414185e-01
5.0828076171875000e+03	2.5660336017608643e-01
5.0833027343750000e+03	2.5626295804977417e-01
5.0837983398437500e+03	2.5593259930610657e-01
5.0842934570312500e+03	2.5561258196830750e-01
5.0847890625000000e+03	2.5530308485031128e-01
5.0852841796875000e+03	2.5500434637069702e-01
5.0857797851562500e+03	2.5471651554107666e-01
5.0862753906250000e+03	2.5443959236145020e-01
5.0867709960937500e+03	2.5417378544807434e-01
5.0872666015625000e+03	2.5391903519630432e-01
5.0877622070312500e+03	2.5367540121078491e-01
5.0882578125000000e+03	2.5344285368919373e-01
5.0887539062500000e+03	2.5322130322456360e-01
5.0892495117187500e+03	2.5301069021224976e-01
5.0897456054687500e+03	2.5281086564064026e-01
5.0902416992187500e+03	2.5262168049812317e-01
5.0907373046875000e+03	2.5244286656379700e-01
5.0912333984375000e+03	2.5227418541908264e-01
5.0917294921875000e+03	2.5211530923843384e-01
5.0922255859375000e+03	2.5196588039398193e-01
5.0927216796875000e+03	2.5182545185089111e-01
5.0932182617187500e+03	2.5169351696968079e-01
5.0937143554687500e+03	2.5156962871551514e-01
5.0942104492187500e+03	2.5145310163497925e-01
5.0947070312500000e+03	2.5134336948394775e-01
5.0952036132812500e+03	2.5123968720436096e-01
5.0956997070312500e+03	2.5114139914512634e-01
5.0961962890625000e+03	2.5104773044586182e-01
5.0966928710937500e+03	2.5095796585083008e-01
5.0971894531250000e+03	2.5087127089500427e-01
5.0976860351562500e+03	2.5078693032264709e-01
5.0981831054687500e+03	2.5070419907569885e-01
5.0986796875000000e+03	2.5062236189842224e-01
5.0991762695312500e+03	2.5054064393043518e-01
5.0996733398437500e+03	2.5045853853225708e-01
5.1001704101562500e+03	2.5037539005279541e-01
5.1006669921875000e+03	2.5029078125953674e-01
5.1011640625000000e+03	2.5020420551300049e-01
5.1016611328125000e+03	2.5011536478996277e-01
5.1021582031250000e+03	2.5002402067184448e-01
5.1026552734375000e+03	2.4992999434471130e-01
5.1031528320312500e+03	2.4983325600624084e-01
5.1036499023437500e+03	2.4973386526107788e-01
5.1041469726562500e+03	2.4963195621967316e-01
5.1046445312500000e+03	2.4952776730060577e-01
5.1051420898437500e+03	2.4942153692245483e-01
5.1056391601562500e+03	2.4931375682353973e-01
5.1061367187500000e+03	2.4920487403869629e-01
5.1066342773437500e+03	2.4909533560276031e-01
5.1071318359375000e+03	2.4898576736450195e-01
5.1076293945312500e+03	2.4887681007385254e-01
5.1081274414062500e+03	2.4876904487609863e-01
5.1086250000000000e+03	2.4866318702697754e-01
5.1091225585937500e+03	2.4855983257293701e-01
5.1096206054687500e+03	2.4845966696739197e-01
5.1101181640625000e+03	2.4836333096027374e-01
5.1106162109375000e+03	2.4827139079570770e-01
5.1111142578125000e+03	2.4818444252014160e-01
5.1116123046875000e+03	2.4810297787189484e-01
5.1121103515625000e+03	2.4802748858928680e-01
5.1126083984375000e+03	2.4795833230018616e-01
5.1131064453125000e+03	2.4789586663246155e-01
5.1136049804687500e+03	2.4784030020236969e-01
5.1141030273437500e+03	2.4779187142848969e-01
5.1146015625000000e+03	2.4775059521198273e-01
5.1150996093750000e+03	2.4771656095981598e-01
5.1155981445312500e+03	2.4768964946269989e-01
5.1160966796875000e+03	2.4766974151134491e-01
5.1165952148437500e+03	2.4765659868717194e-01
5.1170937500000000e+03	2.4764992296695709e-01
5.1175922851562500e+03	2.4764935672283173e-01
5.1180908203125000e+03	2.4765442311763763e-01
5.1185893554687500e+03	2.4766467511653900e-01
5.1190883789062500e+03	2.4767962098121643e-01
5.1195869140625000e+03	2.4769859015941620e-01
5.1200859375000000e+03	2.4772101640701294e-01
5.1205849609375000e+03	2.4774625897407532e-01
5.1210839843750000e+03	2.4777366220951080e-01
5.1215825195312500e+03	2.4780255556106567e-01
5.1220815429687500e+03	2.4783225357532501e-01
5.1225810546875000e+03	2.4786219000816345e-01
5.1230800781250000e+03	2.4789163470268250e-01
5.1235791015625000e+03	2.4792003631591797e-01
5.1240786132812500e+03	2.4794682860374451e-01
5.1245776367187500e+03	2.4797150492668152e-01
5.1250771484375000e+03	2.4799352884292603e-01
5.1255761718750000e+03	2.4801258742809296e-01
5.1260756835937500e+03	2.4802820384502411e-01
5.1265751953125000e+03	2.4804016947746277e-01
5.1270747070312500e+03	2.4804826080799103e-01
5.1275742187500000e+03	2.4805228412151337e-01
5.1280737304687500e+03	2.4805220961570740e-01
5.1285737304687500e+03	2.4804797768592834e-01
5.1290732421875000e+03	2.4803972244262695e-01
5.1295732421875000e+03	2.4802754819393158e-01
5.1300727539062500e+03	2.4801161885261536e-01
5.1305727539062500e+03	2.4799227714538574e-01
5.1310727539062500e+03	2.4796980619430542e-01
5.1315727539062500e+03	2.4794460833072662e-01
5.1320727539062500e+03	2.4791705608367920e-01
5.1325727539062500e+03	2.4788773059844971e-01
5.1330727539062500e+03	2.4785703420639038e-01
5.1335727539062500e+03	2.4782201647758484e-01
5.1340732421875000e+03	2.4779044091701508e-01
5.1345732421875000e+03	2.4775922298431396e-01
5.1350737304687500e+03	2.4772898852825165e-01
5.1355742187500000e+03	2.4770028889179230e-01
5.1360742187500000e+03	2.4767374992370605e-01
5.1365747070312500e+03	2.4764993786811829e-01
5.1370751953125000e+03	2.4762947857379913e-01
5.1375756835937500e+03	2.4761287868022919e-01
5.1380766601562500e+03	2.4760076403617859e-01
5.1385771484375000e+03	2.4759361147880554e-01
5.1390776367187500e+03	2.4759197235107422e-01
5.1395786132812500e+03	2.4759630858898163e-01
5.1400795898437500e+03	2.4760711193084717e-01
5.1405800781250000e+03	2.4762481451034546e-01
5.1410810546875000e+03	2.4764983355998993e-01
5.1415820312500000e+03	2.4768257141113281e-01
5.1420830078125000e+03	2.4772341549396515e-01
5.1425839843750000e+03	2.4777267873287201e-01
5.1430849609375000e+03	2.4783073365688324e-01
5.1435864257812500e+03	2.4789789319038391e-01
5.1440874023437500e+03	2.4797445535659790e-01
5.1445888671875000e+03	2.4806068837642670e-01
5.1450898437500000e+03	2.4815686047077179e-01
5.1455913085937500e+03	2.4826322495937347e-01
5.1460927734375000e+03	2.4838003516197205e-01
5.1465942382812500e+03	2.4850751459598541e-01
5.1470957031250000e+03	2.4864587187767029e-01
5.1475971679687500e+03	2.4879534542560577e-01
5.1480986328125000e+03	2.4895618855953217e-01
5.1486000976562500e+03	2.4912856519222260e-01
5.1491020507812500e+03	2.4931272864341736e-01
5.1496035156250000e+03	2.4950890243053436e-01
5.1501054687500000e+03	2.4971736967563629e-01
5.1506069335937500e+03	2.4993836879730225e-01
5.1511088867187500e+03	2.5017213821411133e-01
5.1516108398437500e+03	2.5041899085044861e-01
5.1521127929687500e+03	2.5067916512489319e-01
5.1526147460937500e+03	2.5095295906066895e-01
5.1531171875000000e+03	2.5124058127403259e-01
5.1536191406250000e+03	2.5154227018356323e-01
5.1541210937500000e+03	2.5185820460319519e-01
5.1546235351562500e+03	2.5218844413757324e-01
5.1551254882812500e+03	2.5253292918205261e-01
5.1556279296875000e+03	2.5289157032966614e-01
5.1561303710937500e+03	2.5326395034790039e-01
5.1566328125000000e+03	2.5364956259727478e-01
5.1571352539062500e+03	2.5404757261276245e-01
5.1576376953125000e+03	2.5445699691772461e-01
5.1581401367187500e+03	2.5487634539604187e-01
5.1586425781250000e+03	2.5530403852462769e-01
5.1591455078125000e+03	2.5573790073394775e-01
5.1596479492187500e+03	2.5617548823356628e-01
5.1601508789062500e+03	2.5661408901214600e-01
5.1606538085937500e+03	2.5705045461654663e-01
5.1611567382812500e+03	2.5748112797737122e-01
5.1616591796875000e+03	2.5790232419967651e-01
5.1621621093750000e+03	2.5831001996994019e-01
5.1626655273437500e+03	2.5869995355606079e-01
5.1631684570312500e+03	2.5906789302825928e-01
5.1636713867187500e+03	2.5940945744514465e-01
5.1641748046875000e+03	2.5972044467926025e-01
5.1646777343750000e+03	2.5999677181243896e-01
5.1651811523437500e+03	2.6023459434509277e-01
5.1656840820312500e+03	2.6043060421943665e-01
5.1661875000000000e+03	2.6058176159858704e-01
5.1666909179687500e+03	2.6068577170372009e-01
5.1671943359375000e+03	2.6074087619781494e-01
5.1676977539062500e+03	2.6074600219726562e-01
5.1682016601562500e+03	2.6070085167884827e-01
5.1687050781250000e+03	2.6060587167739868e-01
5.1692084960937500e+03	2.6046228408813477e-01
5.1697124023437500e+03	2.6027199625968933e-01
5.1702158203125000e+03	2.6003772020339966e-01
5.1707197265625000e+03	2.5976270437240601e-01
5.1712236328125000e+03	2.5944730639457703e-01
5.1717275390625000e+03	2.5910317897796631e-01
5.1722314453125000e+03	2.5873133540153503e-01
5.1727353515625000e+03	2.5833681225776672e-01
5.1732392578125000e+03	2.5792479515075684e-01
5.1737436523437500e+03	2.5750055909156799e-01
5.1742475585937500e+03	2.5706940889358521e-01
5.1747519531250000e+03	2.5663635134696960e-01
5.1752558593750000e+03	2.5620627403259277e-01
5.1757602539062500e+03	2.5578370690345764e-01
5.1762646484375000e+03	2.5537279248237610e-01
5.1767690429687500e+03	2.5497722625732422e-01
5.1772734375000000e+03	2.5460016727447510e-01
5.1777778320312500e+03	2.5424441695213318e-01
5.1782822265625000e+03	2.5391206145286560e-01
5.1787866210937500e+03	2.5360476970672607e-01
5.1792915039062500e+03	2.5332367420196533e-01
5.1797958984375000e+03	2.5306946039199829e-01
5.1803007812500000e+03	2.5284224748611450e-01
5.1808056640625000e+03	2.5264182686805725e-01
5.1813105468750000e+03	2.5246760249137878e-01
5.1818149414062500e+03	2.5231856107711792e-01
5.1823203125000000e+03	2.5219345092773438e-01
5.1828251953125000e+03	2.5209069252014160e-01
5.1833300781250000e+03	2.5200858712196350e-01
5.1838349609375000e+03	2.5194516777992249e-01
5.1843403320312500e+03	2.5189834833145142e-01
5.1848452148437500e+03	2.5186601281166077e-01
5.1853505859375000e+03	2.5184586644172668e-01
5.1858559570312500e+03	2.5183558464050293e-01
5.1863608398437500e+03	2.5183284282684326e-01
5.1868662109375000e+03	2.5183525681495667e-01
5.1873715820312500e+03	2.5184050202369690e-01
5.1878774414062500e+03	2.5184628367424011e-01
5.1883828125000000e+03	2.5185033679008484e-01
5.1888881835937500e+03	2.5185042619705200e-01
5.1893940429687500e+03	2.5184443593025208e-01
5.1898994140625000e+03	2.5183036923408508e-01
5.1904052734375000e+03	2.5180631875991821e-01
5.1909111328125000e+03	2.5177049636840820e-01
5.1914165039062500e+03	2.5172120332717896e-01
5.1919223632812500e+03	2.5165703892707825e-01
5.1924282226562500e+03	2.5157663226127625e-01
5.1929345703125000e+03	2.5147894024848938e-01
5.1934404296875000e+03	2.5136303901672363e-01
5.1939462890625000e+03	2.5122818350791931e-01
5.1944526367187500e+03	2.5107395648956299e-01
5.1949584960937500e+03	2.5090008974075317e-01
5.1954648437500000e+03	2.5070658326148987e-01
5.1959711914062500e+03	2.5049364566802979e-01
5.1964775390625000e+03	2.5026178359985352e-01
5.1969838867187500e+03	2.5001165270805359e-01
5.1974902343750000e+03	2.4974414706230164e-01
5.1979965820312500e+03	2.4946038424968719e-01
5.1985029296875000e+03	2.4916166067123413e-01
5.1990092773437500e+03	2.4884942173957825e-01
5.1995161132812500e+03	2.4852532148361206e-01
5.2000224609375000e+03	2.4819105863571167e-01
5.2005292968750000e+03	2.4784851074218750e-01
5.2010361328125000e+03	2.4749960005283356e-01
5.2015429687500000e+03	2.4714624881744385e-01
5.2020498046875000e+03	2.4679052829742432e-01
5.2025566406250000e+03	2.4643439054489136e-01
5.2030634765625000e+03	2.4607981741428375e-01
5.2035703125000000e+03	2.4572879076004028e-01
5.2040776367187500e+03	2.4538320302963257e-01
5.2045844726562500e+03	2.4504482746124268e-01
5.2050917968750000e+03	2.4471536278724670e-01
5.2055986328125000e+03	2.4439643323421478e-01
5.2061059570312500e+03	2.4408951401710510e-01
5.2066132812500000e+03	2.4379596114158630e-01
5.2071206054687500e+03	2.4351699650287628e-01
5.2076279296875000e+03	2.4325367808341980e-01
5.2081352539062500e+03	2.4300698935985565e-01
5.2086430664062500e+03	2.4277776479721069e-01
5.2091503906250000e+03	2.4256666004657745e-01
5.2096577148437500e+03	2.4237422645092010e-01
5.2101655273437500e+03	2.4220094084739685e-01
5.2106733398437500e+03	2.4204711616039276e-01
5.2111811523437500e+03	2.4191300570964813e-01
5.2116884765625000e+03	2.4179872870445251e-01
5.2121962890625000e+03	2.4170438945293427e-01
5.2127045898437500e+03	2.4162997305393219e-01
5.2132124023437500e+03	2.4157540500164032e-01
5.2137202148437500e+03	2.4154065549373627e-01
5.2142280273437500e+03	2.4152556061744690e-01
5.2147363281250000e+03	2.4152997136116028e-01
5.2152446289062500e+03	2.4155375361442566e-01
5.2157524414062500e+03	2.4159671366214752e-01
5.2162607421875000e+03	2.4165873229503632e-01
5.2167690429687500e+03	2.4173960089683533e-01
5.2172773437500000e+03	2.4183920025825500e-01
5.2177856445312500e+03	2.4195729196071625e-01
5.2182939453125000e+03	2.4209377169609070e-01
5.2188027343750000e+03	2.4224835634231567e-01
5.2193110351562500e+03	2.4242080748081207e-01
5.2198198242187500e+03	2.4261085689067841e-01
5.2203281250000000e+03	2.4281805753707886e-01
5.2208369140625000e+03	2.4304193258285522e-01
5.2213457031250000e+03	2.4328187108039856e-01
5.2218544921875000e+03	2.4353706836700439e-01
5.2223632812500000e+03	2.4380661547183990e-01
5.2228720703125000e+03	2.4408932030200958e-01
5.2233808593750000e+03	2.4438382685184479e-01
5.2238896484375000e+03	2.4468848109245300e-01
5.2243989257812500e+03	2.4500146508216858e-01
5.2249077148437500e+03	2.4532063305377960e-01
5.2254169921875000e+03	2.4564361572265625e-01
5.2259262695312500e+03	2.4596780538558960e-01
5.2264355468750000e+03	2.4629040062427521e-01
5.2269448242187500e+03	2.4660831689834595e-01
5.2274541015625000e+03	2.4691841006278992e-01
5.2279633789062500e+03	2.4721738696098328e-01
5.2284726562500000e+03	2.4750190973281860e-01
5.2289819335937500e+03	2.4776864051818848e-01
5.2294916992187500e+03	2.4801430106163025e-01
5.2300009765625000e+03	2.4823576211929321e-01
5.2305107421875000e+03	2.4843010306358337e-01
5.2310205078125000e+03	2.4859464168548584e-01
5.2315302734375000e+03	2.4872711300849915e-01
5.2320400390625000e+03	2.4882555007934570e-01
5.2325498046875000e+03	2.4888849258422852e-01
5.2330595703125000e+03	2.4891497194766998e-01
5.2335693359375000e+03	2.4890445172786713e-01
5.2340791015625000e+03	2.4885706603527069e-01
5.2345893554687500e+03	2.4877336621284485e-01
5.2350996093750000e+03	2.4865448474884033e-01
5.2356093750000000e+03	2.4850212037563324e-01
5.2361196289062500e+03	2.4831832945346832e-01
5.2366298828125000e+03	2.4810570478439331e-01
5.2371401367187500e+03	2.4786718189716339e-01
5.2376503906250000e+03	2.4760599434375763e-01
5.2381606445312500e+03	2.4732568860054016e-01
5.2386708984375000e+03	2.4702991545200348e-01
5.2391816406250000e+03	2.4672248959541321e-01
5.2396918945312500e+03	2.4640724062919617e-01
5.2402026367187500e+03	2.4608798325061798e-01
5.2407133789062500e+03	2.4576844274997711e-01
5.2412236328125000e+03	2.4545215070247650e-01
5.2417343750000000e+03	2.4514244496822357e-01
5.2422451171875000e+03	2.4484245479106903e-01
5.2427558593750000e+03	2.4455498158931732e-01
5.2432666015625000e+03	2.4428254365921021e-01
5.2437778320312500e+03	2.4402733147144318e-01
5.2442885742187500e+03	2.4379114806652069e-01
5.2447998046875000e+03	2.4357551336288452e-01
5.2453105468750000e+03	2.4338154494762421e-01
5.2458217773437500e+03	2.4321013689041138e-01
5.2463330078125000e+03	2.4306178092956543e-01
5.2468442382812500e+03	2.4293667078018188e-01
5.2473554687500000e+03	2.4283477663993835e-01
5.2478666992187500e+03	2.4275584518909454e-01
5.2483779296875000e+03	2.4269928038120270e-01
5.2488891601562500e+03	2.4266441166400909e-01
5.2494008789062500e+03	2.4265034496784210e-01
5.2499121093750000e+03	2.4265603721141815e-01
5.2504238281250000e+03	2.4268032610416412e-01
5.2509355468750000e+03	2.4272200465202332e-01
5.2514472656250000e+03	2.4277976155281067e-01
5.2519584960937500e+03	2.4285222589969635e-01
5.2524707031250000e+03	2.4293807148933411e-01
5.2529824218750000e+03	2.4303595721721649e-01
5.2534941406250000e+03	2.4314452707767487e-01
5.2540058593750000e+03	2.4326258897781372e-01
5.2545180664062500e+03	2.4338890612125397e-01
5.2550297851562500e+03	2.4352248013019562e-01
5.2555419921875000e+03	2.4366231262683868e-01
5.2560541992187500e+03	2.4380761384963989e-01
5.2565659179687500e+03	2.4395772814750671e-01
5.2570781250000000e+03	2.4411216378211975e-01
5.2575903320312500e+03	2.4427054822444916e-01
5.2581030273437500e+03	2.4443276226520538e-01
5.2586152343750000e+03	2.4459880590438843e-01
5.2591274414062500e+03	2.4476878345012665e-01
5.2596401367187500e+03	2.4494303762912750e-01
5.2601523437500000e+03	2.4512189626693726e-01
5.2606650390625000e+03	2.4530586600303650e-01
5.2611777343750000e+03	2.4549546837806702e-01
5.2616904296875000e+03	2.4569116532802582e-01
5.2622031250000000e+03	2.4589347839355469e-01
5.2627158203125000e+03	2.4610279500484467e-01
5.2632285156250000e+03	2.4631932377815247e-01
5.2637412109375000e+03	2.4654318392276764e-01
5.2642543945312500e+03	2.4677413702011108e-01
5.2647670898437500e+03	2.4701182544231415e-01
5.2652802734375000e+03	2.4725550413131714e-01
5.2657929687500000e+03	2.4750410020351410e-01
5.2663061523437500e+03	2.4775625765323639e-01
5.2668193359375000e+03	2.4801021814346313e-01
5.2673325195312500e+03	2.4826395511627197e-01
5.2678457031250000e+03	2.4851503968238831e-01
5.2683588867187500e+03	2.4876083433628082e-01
5.2688725585937500e+03	2.4899849295616150e-01
5.2693857421875000e+03	2.4922488629817963e-01
5.2698994140625000e+03	2.4943681061267853e-01
5.2704125976562500e+03	2.4963103234767914e-01
5.2709262695312500e+03	2.4980430305004120e-01
5.2714399414062500e+03	2.4995349347591400e-01
5.2719536132812500e+03	2.5007560849189758e-01
5.2724672851562500e+03	2.5016790628433228e-01
5.2729809570312500e+03	2.5022795796394348e-01
5.2734946289062500e+03	2.5025367736816406e-01
5.2740083007812500e+03	2.5024342536926270e-01
5.2745224609375000e+03	2.5019595026969910e-01
5.2750361328125000e+03	2.5011047720909119e-01
5.2755502929687500e+03	2.4998675286769867e-01
5.2760644531250000e+03	2.4982489645481110e-01
5.2765786132812500e+03	2.4962566792964935e-01
5.2770927734375000e+03	2.4939009547233582e-01
5.2776069335937500e+03	2.4911968410015106e-01
5.2781210937500000e+03	2.4881637096405029e-01
5.2786352539062500e+03	2.4848228693008423e-01
5.2791494140625000e+03	2.4811996519565582e-01
5.2796640625000000e+03	2.4773211777210236e-01
5.2801782226562500e+03	2.4732160568237305e-01
5.2806928710937500e+03	2.4689142405986786e-01
5.2812075195312500e+03	2.4644470214843750e-01
5.2817221679687500e+03	2.4598450958728790e-01
5.2822368164062500e+03	2.4551403522491455e-01
5.2827514648437500e+03	2.4503627419471741e-01
5.2832661132812500e+03	2.4455425143241882e-01
5.2837807617187500e+03	2.4407091736793518e-01
5.2842958984375000e+03	2.4358899891376495e-01
5.2848105468750000e+03	2.4311117827892303e-01
5.2853256835937500e+03	2.4264001846313477e-01
5.2858403320312500e+03	2.4217782914638519e-01
5.2863554687500000e+03	2.4172683060169220e-01
5.2868706054687500e+03	2.4128906428813934e-01
5.2873857421875000e+03	2.4086642265319824e-01
5.2879008789062500e+03	2.4046055972576141e-01
5.2884160156250000e+03	2.4007305502891541e-01
5.2889316406250000e+03	2.3970527946949005e-01
5.2894467773437500e+03	2.3935842514038086e-01
5.2899624023437500e+03	2.3903356492519379e-01
5.2904775390625000e+03	2.3873165249824524e-01
5.2909931640625000e+03	2.3845340311527252e-01
5.2915087890625000e+03	2.3819947242736816e-01
5.2920244140625000e+03	2.3797042667865753e-01
5.2925400390625000e+03	2.3776663839817047e-01
5.2930556640625000e+03	2.3758845031261444e-01
5.2935712890625000e+03	2.3743614554405212e-01
5.2940869140625000e+03	2.3730987310409546e-01
5.2946030273437500e+03	2.3720976710319519e-01
5.2951186523437500e+03	2.3713596165180206e-01
5.2956347656250000e+03	2.3708850145339966e-01
5.2961508789062500e+03	2.3706747591495514e-01
5.2966669921875000e+03	2.3707294464111328e-01
5.2971831054687500e+03	2.3710498213768005e-01
5.2976992187500000e+03	2.3716357350349426e-01
5.2982153320312500e+03	2.3724882304668427e-01
5.2987314453125000e+03	2.3736077547073364e-01
5.2992475585937500e+03	2.3749943077564240e-01
5.2997641601562500e+03	2.3766475915908813e-01
5.3002807617187500e+03	2.3785670101642609e-01
5.3007968750000000e+03	2.3807504773139954e-01
5.3013134765625000e+03	2.3831954598426819e-01
5.3018300781250000e+03	2.3858973383903503e-01
5.3023466796875000e+03	2.3888501524925232e-01
5.3028632812500000e+03	2.3920455574989319e-01
5.3033798828125000e+03	2.3954731225967407e-01
5.3038964843750000e+03	2.3991195857524872e-01
5.3044135742187500e+03	2.4029678106307983e-01
5.3049301757812500e+03	2.4069985747337341e-01
5.3054472656250000e+03	2.4111883342266083e-01
5.3059643554687500e+03	2.4155102670192719e-01
5.3064809570312500e+03	2.4199342727661133e-01
5.3069980468750000e+03	2.4244262278079987e-01
5.3075151367187500e+03	2.4289485812187195e-01
5.3080327148437500e+03	2.4334613978862762e-01
5.3085498046875000e+03	2.4379217624664307e-01
5.3090668945312500e+03	2.4422846734523773e-01
5.3095844726562500e+03	2.4465037882328033e-01
5.3101015625000000e+03	2.4505320191383362e-01
5.3106191406250000e+03	2.4543222784996033e-01
5.3111362304687500e+03	2.4578282237052917e-01
5.3116538085937500e+03	2.4610061943531036e-01
5.3121713867187500e+03	2.4638144671916962e-01
5.3126889648437500e+03	2.4662153422832489e-01
5.3132065429687500e+03	2.4681757390499115e-01
5.3137246093750000e+03	2.4696680903434753e-01
5.3142421875000000e+03	2.4706700444221497e-01
5.3147602539062500e+03	2.4711667001247406e-01
5.3152778320312500e+03	2.4711495637893677e-01
5.3157958984375000e+03	2.4706177413463593e-01
5.3163139648437500e+03	2.4695768952369690e-01
5.3168315429687500e+03	2.4680405855178833e-01
5.3173496093750000e+03	2.4660287797451019e-01
5.3178676757812500e+03	2.4635683000087738e-01
5.3183862304687500e+03	2.4606910347938538e-01
5.3189042968750000e+03	2.4574339389801025e-01
5.3194223632812500e+03	2.4538388848304749e-01
5.3199409179687500e+03	2.4499499797821045e-01
5.3204589843750000e+03	2.4458138644695282e-01
5.3209775390625000e+03	2.4414779245853424e-01
5.3214960937500000e+03	2.4369898438453674e-01
5.3220146484375000e+03	2.4323962628841400e-01
5.3225332031250000e+03	2.4277420341968536e-01
5.3230517578125000e+03	2.4230688810348511e-01
5.3235703125000000e+03	2.4184153974056244e-01
5.3240893554687500e+03	2.4138154089450836e-01
5.3246079101562500e+03	2.4092994630336761e-01
5.3251269531250000e+03	2.4048921465873718e-01
5.3256455078125000e+03	2.4006131291389465e-01
5.3261645507812500e+03	2.3964777588844299e-01
5.3266835937500000e+03	2.3924961686134338e-01
5.3272026367187500e+03	2.3886734247207642e-01
5.3277216796875000e+03	2.3850105702877045e-01
5.3282407226562500e+03	2.3815053701400757e-01
5.3287597656250000e+03	2.3781517148017883e-01
5.3292792968750000e+03	2.3749408125877380e-01
5.3297983398437500e+03	2.3718623816967010e-01
5.3303178710937500e+03	2.3689034581184387e-01
5.3308369140625000e+03	2.3660516738891602e-01
5.3313564453125000e+03	2.3632933199405670e-01
5.3318759765625000e+03	2.3606151342391968e-01
5.3323955078125000e+03	2.3580044507980347e-01
5.3329150390625000e+03	2.3554499447345734e-01
5.3334345703125000e+03	2.3529422283172607e-01
5.3339541015625000e+03	2.3504720628261566e-01
5.3344741210937500e+03	2.3480337858200073e-01
5.3349936523437500e+03	2.3456227779388428e-01
5.3355136718750000e+03	2.3432363569736481e-01
5.3360336914062500e+03	2.3408748209476471e-01
5.3365532226562500e+03	2.3385392129421234e-01
5.3370732421875000e+03	2.3362331092357635e-01
5.3375932617187500e+03	2.3339611291885376e-01
5.3381137695312500e+03	2.3317301273345947e-01
5.3386337890625000e+03	2.3295477032661438e-01
5.3391538085937500e+03	2.3274224996566772e-01
5.3396743164062500e+03	2.3253634572029114e-01
5.3401943359375000e+03	2.3233808577060699e-01
5.3407148437500000e+03	2.3214846849441528e-01
5.3412348632812500e+03	2.3196852207183838e-01
5.3417553710937500e+03	2.3179927468299866e-01
5.3422758789062500e+03	2.3164172470569611e-01
5.3427963867187500e+03	2.3149681091308594e-01
5.3433168945312500e+03	2.3136544227600098e-01
5.3438378906250000e+03	2.3124845325946808e-01
5.3443583984375000e+03	2.3114661872386932e-01
5.3448793945312500e+03	2.3106056451797485e-01
5.3453999023437500e+03	2.3099091649055481e-01
5.3459208984375000e+03	2.3093812167644501e-01
5.3464418945312500e+03	2.3090252280235291e-01
5.3469628906250000e+03	2.3088438808917999e-01
5.3474838867187500e+03	2.3088382184505463e-01
5.3480048828125000e+03	2.3090073466300964e-01
5.3485258789062500e+03	2.3093502223491669e-01
5.3490468750000000e+03	2.3098622262477875e-01
5.3495683593750000e+03	2.3105388879776001e-01
5.3500893554687500e+03	2.3113727569580078e-01
5.3506108398437500e+03	2.3123548924922943e-01
5.3511318359375000e+03	2.3134741187095642e-01
5.3516533203125000e+03	2.3147179186344147e-01
5.3521748046875000e+03	2.3160709440708160e-01
5.3526962890625000e+03	2.3175162076950073e-01
5.3532177734375000e+03	2.3190352320671082e-01
5.3537397460937500e+03	2.3206073045730591e-01
5.3542612304687500e+03	2.3222099244594574e-01
5.3547827148437500e+03	2.3238202929496765e-01
5.3553046875000000e+03	2.3254135251045227e-01
5.3558266601562500e+03	2.3269644379615784e-01
5.3563481445312500e+03	2.3284478485584259e-01
5.3568701171875000e+03	2.3298381268978119e-01
5.3573920898437500e+03	2.3311109840869904e-01
5.3579140625000000e+03	2.3322424292564392e-01
5.3584360351562500e+03	2.3332105576992035e-01
5.3589584960937500e+03	2.3339951038360596e-01
5.3594804687500000e+03	2.3345786333084106e-01
5.3600029296875000e+03	2.3349460959434509e-01
5.3605249023437500e+03	2.3350863158702850e-01
5.3610473632812500e+03	2.3349905014038086e-01
5.3615698242187500e+03	2.3346546292304993e-01
5.3620922851562500e+03	2.3340778052806854e-01
5.3626147460937500e+03	2.3332628607749939e-01
5.3631372070312500e+03	2.3322167992591858e-01
5.3636596679687500e+03	2.3309488594532013e-01
5.3641821289062500e+03	2.3294734954833984e-01
5.3647050781250000e+03	2.3278056085109711e-01
5.3652275390625000e+03	2.3259647190570831e-01
5.3657504882812500e+03	2.3239712417125702e-01
5.3662734375000000e+03	2.3218466341495514e-01
5.3667958984375000e+03	2.3196141421794891e-01
5.3673188476562500e+03	2.3172968626022339e-01
5.3678417968750000e+03	2.3149172961711884e-01
5.3683652343750000e+03	2.3124983906745911e-01
5.3688881835937500e+03	2.3100608587265015e-01
5.3694111328125000e+03	2.3076239228248596e-01
5.3699345703125000e+03	2.3052056133747101e-01
5.3704575195312500e+03	2.3028205335140228e-01
5.3709809570312500e+03	2.3004819452762604e-01
5.3715043945312500e+03	2.2982004284858704e-01
5.3720278320312500e+03	2.2959834337234497e-01
5.3725512695312500e+03	2.2938366234302521e-01
5.3730747070312500e+03	2.2917629778385162e-01
5.3735981445312500e+03	2.2897632420063019e-01
5.3741215820312500e+03	2.2878365218639374e-01
5.3746455078125000e+03	2.2859807312488556e-01
5.3751689453125000e+03	2.2841911017894745e-01
