4.5999697265625000e+03	3.4744977951049805e-01
4.6004179687500000e+03	3.4696257114410400e-01
4.6008662109375000e+03	3.4664320945739746e-01
4.6013144531250000e+03	3.4634053707122803e-01
4.6017626953125000e+03	3.4605476260185242e-01
4.6022109375000000e+03	3.4578597545623779e-01
4.6026596679687500e+03	3.4553432464599609e-01
4.6031079101562500e+03	3.4529986977577209e-01
4.6035566406250000e+03	3.4508264064788818e-01
4.6040048828125000e+03	3.4488266706466675e-01
4.6044536132812500e+03	3.4469988942146301e-01
4.6049023437500000e+03	3.4453433752059937e-01
4.6053510742187500e+03	3.4438583254814148e-01
4.6057998046875000e+03	3.4425434470176697e-01
4.6062485351562500e+03	3.4413969516754150e-01
4.6066972656250000e+03	3.4404167532920837e-01
4.6071459960937500e+03	3.4396010637283325e-01
4.6075952148437500e+03	3.4389480948448181e-01
4.6080439453125000e+03	3.4384539723396301e-01
4.6084931640625000e+03	3.4381163120269775e-01
4.6089418945312500e+03	3.4379321336746216e-01
4.6093911132812500e+03	3.4378975629806519e-01
4.6098403320312500e+03	3.4380084276199341e-01
4.6102895507812500e+03	3.4382617473602295e-01
4.6107387695312500e+03	3.4386521577835083e-01
4.6111879882812500e+03	3.4391754865646362e-01
4.6116372070312500e+03	3.4398266673088074e-01
4.6120864257812500e+03	3.4406012296676636e-01
4.6125361328125000e+03	3.4414932131767273e-01
4.6129853515625000e+03	3.4424975514411926e-01
4.6134350585937500e+03	3.4436088800430298e-01
4.6138842773437500e+03	3.4448212385177612e-01
4.6143339843750000e+03	3.4461283683776855e-01
4.6147836914062500e+03	3.4475246071815491e-01
4.6152333984375000e+03	3.4490036964416504e-01
4.6156831054687500e+03	3.4505587816238403e-01
4.6161328125000000e+03	3.4521847963333130e-01
4.6165825195312500e+03	3.4538739919662476e-01
4.6170322265625000e+03	3.4556198120117188e-01
4.6174819335937500e+03	3.4574162960052490e-01
4.6179321289062500e+03	3.4592565894126892e-01
4.6183818359375000e+03	3.4611344337463379e-01
4.6188320312500000e+03	3.4630423784255981e-01
4.6192822265625000e+03	3.4649747610092163e-01
4.6197319335937500e+03	3.4669235348701477e-01
4.6201821289062500e+03	3.4688839316368103e-01
4.6206323242187500e+03	3.4708482027053833e-01
4.6210825195312500e+03	3.4728103876113892e-01
4.6215327148437500e+03	3.4747642278671265e-01
4.6219833984375000e+03	3.4767034649848938e-01
4.6224335937500000e+03	3.4786221385002136e-01
4.6228837890625000e+03	3.4805136919021606e-01
4.6233344726562500e+03	3.4823724627494812e-01
4.6237846679687500e+03	3.4841933846473694e-01
4.6242353515625000e+03	3.4859701991081238e-01
4.6246860351562500e+03	3.4876975417137146e-01
4.6251367187500000e+03	3.4893709421157837e-01
4.6255874023437500e+03	3.4909847378730774e-01
4.6260380859375000e+03	3.4925344586372375e-01
4.6264887695312500e+03	3.4940150380134583e-01
4.6269394531250000e+03	3.4954228997230530e-01
4.6273901367187500e+03	3.4967529773712158e-01
4.6278413085937500e+03	3.4980022907257080e-01
4.6282919921875000e+03	3.4991660714149475e-01
4.6287431640625000e+03	3.5002416372299194e-01
4.6291943359375000e+03	3.5012254118919373e-01
4.6296450195312500e+03	3.5021141171455383e-01
4.6300961914062500e+03	3.5029056668281555e-01
4.6305473632812500e+03	3.5035970807075500e-01
4.6309985351562500e+03	3.5041859745979309e-01
4.6314497070312500e+03	3.5046699643135071e-01
4.6319013671875000e+03	3.5050475597381592e-01
4.6323525390625000e+03	3.5053172707557678e-01
4.6328037109375000e+03	3.5054776072502136e-01
4.6332553710937500e+03	3.5055276751518250e-01
4.6337065429687500e+03	3.5054653882980347e-01
4.6341582031250000e+03	3.5052910447120667e-01
4.6346098632812500e+03	3.5050040483474731e-01
4.6350615234375000e+03	3.5046035051345825e-01
4.6355126953125000e+03	3.5040894150733948e-01
4.6359648437500000e+03	3.5034620761871338e-01
4.6364165039062500e+03	3.5027214884757996e-01
4.6368681640625000e+03	3.5018682479858398e-01
4.6373198242187500e+03	3.5009026527404785e-01
4.6377719726562500e+03	3.4998255968093872e-01
4.6382236328125000e+03	3.4986379742622375e-01
4.6386757812500000e+03	3.4973406791687012e-01
4.6391274414062500e+03	3.4959343075752258e-01
4.6395795898437500e+03	3.4944203495979309e-01
4.6400317382812500e+03	3.4928008913993835e-01
4.6404838867187500e+03	3.4910765290260315e-01
4.6409360351562500e+03	3.4892490506172180e-01
4.6413881835937500e+03	3.4873196482658386e-01
4.6418403320312500e+03	3.4852910041809082e-01
4.6422924804687500e+03	3.4831637144088745e-01
4.6427451171875000e+03	3.4809401631355286e-01
4.6431972656250000e+03	3.4786221385002136e-01
4.6436499023437500e+03	3.4762117266654968e-01
4.6441020507812500e+03	3.4737098217010498e-01
4.6445546875000000e+03	3.4711197018623352e-01
4.6450073242187500e+03	3.4684425592422485e-01
4.6454599609375000e+03	3.4656801819801331e-01
4.6459125976562500e+03	3.4628349542617798e-01
4.6463652343750000e+03	3.4599083662033081e-01
4.6468178710937500e+03	3.4569028019905090e-01
4.6472705078125000e+03	3.4538197517395020e-01
4.6477236328125000e+03	3.4506613016128540e-01
4.6481762695312500e+03	3.4474292397499084e-01
4.6486293945312500e+03	3.4441250562667847e-01
4.6490820312500000e+03	3.4407511353492737e-01
4.6495351562500000e+03	3.4373086690902710e-01
4.6499882812500000e+03	3.4337991476058960e-01
4.6504414062500000e+03	3.4302252531051636e-01
4.6508945312500000e+03	3.4265875816345215e-01
4.6513476562500000e+03	3.4228876233100891e-01
4.6518007812500000e+03	3.4191280603408813e-01
4.6522539062500000e+03	3.4153085947036743e-01
4.6527075195312500e+03	3.4114319086074829e-01
4.6531606445312500e+03	3.4074994921684265e-01
4.6536142578125000e+03	3.4035107493400574e-01
4.6540673828125000e+03	3.3994695544242859e-01
4.6545209960937500e+03	3.3953747153282166e-01
4.6549746093750000e+03	3.3912289142608643e-01
4.6554282226562500e+03	3.3870327472686768e-01
4.6558818359375000e+03	3.3827871084213257e-01
4.6563354492187500e+03	3.3784934878349304e-01
4.6567890625000000e+03	3.3741524815559387e-01
4.6572426757812500e+03	3.3697652816772461e-01
4.6576967773437500e+03	3.3653324842453003e-01
4.6581503906250000e+03	3.3608555793762207e-01
4.6586044921875000e+03	3.3563348650932312e-01
4.6590581054687500e+03	3.3517718315124512e-01
4.6595122070312500e+03	3.3471664786338806e-01
4.6599663085937500e+03	3.3425205945968628e-01
4.6604204101562500e+03	3.3378350734710693e-01
4.6608745117187500e+03	3.3331099152565002e-01
4.6613286132812500e+03	3.3283466100692749e-01
4.6617827148437500e+03	3.3235457539558411e-01
4.6622368164062500e+03	3.3187085390090942e-01
4.6626914062500000e+03	3.3138358592987061e-01
4.6631455078125000e+03	3.3089286088943481e-01
4.6636000976562500e+03	3.3039879798889160e-01
4.6640541992187500e+03	3.2990142703056335e-01
4.6645087890625000e+03	3.2940095663070679e-01
4.6649633789062500e+03	3.2889738678932190e-01
4.6654179687500000e+03	3.2839089632034302e-01
4.6658725585937500e+03	3.2788160443305969e-01
4.6663271484375000e+03	3.2736963033676147e-01
4.6667817382812500e+03	3.2685506343841553e-01
4.6672363281250000e+03	3.2633805274963379e-01
4.6676914062500000e+03	3.2581874728202820e-01
4.6681459960937500e+03	3.2529726624488831e-01
4.6686010742187500e+03	3.2477375864982605e-01
4.6690556640625000e+03	3.2424840331077576e-01
4.6695107421875000e+03	3.2372131943702698e-01
4.6699658203125000e+03	3.2319271564483643e-01
4.6704208984375000e+03	3.2266271114349365e-01
4.6708759765625000e+03	3.2213151454925537e-01
4.6713310546875000e+03	3.2159930467605591e-01
4.6717861328125000e+03	3.2106620073318481e-01
4.6722412109375000e+03	3.2053244113922119e-01
4.6726967773437500e+03	3.1999823451042175e-01
4.6731518554687500e+03	3.1946372985839844e-01
4.6736069335937500e+03	3.1892916560173035e-01
4.6740625000000000e+03	3.1839469075202942e-01
4.6745180664062500e+03	3.1786057353019714e-01
4.6749736328125000e+03	3.1732696294784546e-01
4.6754291992187500e+03	3.1679412722587585e-01
4.6758847656250000e+03	3.1626224517822266e-01
4.6763403320312500e+03	3.1573149561882019e-01
4.6767958984375000e+03	3.1520217657089233e-01
4.6772514648437500e+03	3.1467443704605103e-01
4.6777070312500000e+03	3.1414851546287537e-01
4.6781630859375000e+03	3.1362462043762207e-01
4.6786186523437500e+03	3.1310296058654785e-01
4.6790747070312500e+03	3.1258377432823181e-01
4.6795307617187500e+03	3.1206721067428589e-01
4.6799868164062500e+03	3.1155356764793396e-01
4.6804423828125000e+03	3.1104296445846558e-01
4.6808984375000000e+03	3.1053566932678223e-01
4.6813544921875000e+03	3.1003183126449585e-01
4.6818110351562500e+03	3.0953162908554077e-01
4.6822670898437500e+03	3.0903530120849609e-01
4.6827231445312500e+03	3.0854299664497375e-01
4.6831796875000000e+03	3.0805489420890808e-01
4.6836357421875000e+03	3.0757117271423340e-01
4.6840922851562500e+03	3.0709201097488403e-01
4.6845488281250000e+03	3.0661749839782715e-01
4.6850048828125000e+03	3.0614784359931946e-01
4.6854614257812500e+03	3.0568313598632812e-01
4.6859179687500000e+03	3.0522349476814270e-01
4.6863745117187500e+03	3.0476912856101990e-01
4.6868315429687500e+03	3.0432000756263733e-01
4.6872880859375000e+03	3.0387637019157410e-01
4.6877446289062500e+03	3.0343821644783020e-01
4.6882016601562500e+03	3.0300563573837280e-01
4.6886582031250000e+03	3.0257871747016907e-01
4.6891152343750000e+03	3.0215752124786377e-01
4.6895717773437500e+03	3.0174204707145691e-01
4.6900288085937500e+03	3.0133238434791565e-01
4.6904858398437500e+03	3.0092850327491760e-01
4.6909428710937500e+03	3.0053046345710754e-01
4.6913999023437500e+03	3.0013823509216309e-01
4.6918569335937500e+03	2.9975181818008423e-01
4.6923144531250000e+03	2.9937118291854858e-01
4.6927714843750000e+03	2.9899629950523376e-01
4.6932290039062500e+03	2.9862707853317261e-01
4.6936860351562500e+03	2.9826354980468750e-01
4.6941435546875000e+03	2.9790559411048889e-01
4.6946005859375000e+03	2.9756498336791992e-01
4.6950581054687500e+03	2.9721873998641968e-01
4.6955156250000000e+03	2.9687786102294922e-01
4.6959731445312500e+03	2.9654216766357422e-01
4.6964306640625000e+03	2.9621168971061707e-01
4.6968881835937500e+03	2.9588612914085388e-01
4.6973461914062500e+03	2.9556545615196228e-01
4.6978037109375000e+03	2.9524946212768555e-01
4.6982612304687500e+03	2.9493811726570129e-01
4.6987192382812500e+03	2.9463106393814087e-01
4.6991772460937500e+03	2.9432827234268188e-01
4.6996347656250000e+03	2.9402947425842285e-01
4.7000927734375000e+03	2.9373452067375183e-01
4.7005507812500000e+03	2.9344326257705688e-01
4.7010087890625000e+03	2.9315540194511414e-01
4.7014667968750000e+03	2.9287081956863403e-01
4.7019248046875000e+03	2.9258924722671509e-01
4.7023833007812500e+03	2.9231053590774536e-01
4.7028413085937500e+03	2.9203435778617859e-01
4.7032998046875000e+03	2.9176059365272522e-01
4.7037578125000000e+03	2.9148894548416138e-01
4.7042163085937500e+03	2.9121917486190796e-01
4.7046743164062500e+03	2.9095110297203064e-01
4.7051328125000000e+03	2.9068449139595032e-01
4.7055913085937500e+03	2.9041904211044312e-01
4.7060498046875000e+03	2.9015457630157471e-01
4.7065083007812500e+03	2.8989085555076599e-01
4.7069667968750000e+03	2.8962758183479309e-01
4.7074257812500000e+03	2.8936457633972168e-01
4.7078842773437500e+03	2.8910160064697266e-01
4.7083432617187500e+03	2.8883838653564453e-01
4.7088017578125000e+03	2.8857469558715820e-01
4.7092607421875000e+03	2.8831040859222412e-01
4.7097197265625000e+03	2.8804516792297363e-01
4.7101782226562500e+03	2.8777876496315002e-01
4.7106372070312500e+03	2.8751105070114136e-01
4.7110961914062500e+03	2.8724175691604614e-01
4.7115551757812500e+03	2.8697070479393005e-01
4.7120146484375000e+03	2.8669771552085876e-01
4.7124736328125000e+03	2.8642249107360840e-01
4.7129326171875000e+03	2.8614494204521179e-01
4.7133920898437500e+03	2.8586485981941223e-01
4.7138510742187500e+03	2.8558200597763062e-01
4.7143105468750000e+03	2.8529632091522217e-01
4.7147700195312500e+03	2.8500756621360779e-01
4.7152294921875000e+03	2.8471553325653076e-01
4.7156884765625000e+03	2.8442019224166870e-01
4.7161484375000000e+03	2.8412136435508728e-01
4.7166079101562500e+03	2.8381890058517456e-01
4.7170673828125000e+03	2.8351268172264099e-01
4.7175268554687500e+03	2.8320261836051941e-01
4.7179868164062500e+03	2.8288856148719788e-01
4.7184462890625000e+03	2.8257048130035400e-01
4.7189062500000000e+03	2.8224828839302063e-01
4.7193657226562500e+03	2.8192183375358582e-01
4.7198256835937500e+03	2.8159120678901672e-01
4.7202856445312500e+03	2.8125619888305664e-01
4.7207456054687500e+03	2.8091686964035034e-01
4.7212055664062500e+03	2.8057312965393066e-01
4.7216655273437500e+03	2.8022503852844238e-01
4.7221254882812500e+03	2.7987250685691833e-01
4.7225854492187500e+03	2.7951559424400330e-01
4.7230458984375000e+03	2.7915427088737488e-01
4.7235058593750000e+03	2.7878868579864502e-01
4.7239663085937500e+03	2.7841866016387939e-01
4.7244267578125000e+03	2.7804443240165710e-01
4.7248867187500000e+03	2.7766594290733337e-01
4.7253471679687500e+03	2.7728337049484253e-01
4.7258076171875000e+03	2.7689674496650696e-01
4.7262680664062500e+03	2.7650612592697144e-01
4.7267285156250000e+03	2.7611169219017029e-01
4.7271894531250000e+03	2.7571350336074829e-01
4.7276499023437500e+03	2.7531170845031738e-01
4.7281103515625000e+03	2.7490642666816711e-01
4.7285712890625000e+03	2.7449786663055420e-01
4.7290317382812500e+03	2.7408611774444580e-01
4.7294926757812500e+03	2.7367138862609863e-01
4.7299536132812500e+03	2.7325385808944702e-01
4.7304145507812500e+03	2.7283370494842529e-01
4.7308754882812500e+03	2.7241113781929016e-01
4.7313364257812500e+03	2.7198636531829834e-01
4.7317973632812500e+03	2.7155965566635132e-01
4.7322583007812500e+03	2.7113115787506104e-01
4.7327192382812500e+03	2.7070119976997375e-01
4.7331806640625000e+03	2.7026993036270142e-01
4.7336416015625000e+03	2.6983770728111267e-01
4.7341030273437500e+03	2.6940473914146423e-01
4.7345644531250000e+03	2.6897129416465759e-01
4.7350253906250000e+03	2.6853772997856140e-01
4.7354868164062500e+03	2.6810425519943237e-01
4.7359482421875000e+03	2.6767125725746155e-01
4.7364096679687500e+03	2.6723894476890564e-01
4.7368715820312500e+03	2.6680773496627808e-01
4.7373330078125000e+03	2.6637789607048035e-01
4.7377944335937500e+03	2.6594972610473633e-01
4.7382563476562500e+03	2.6552364230155945e-01
4.7387177734375000e+03	2.6509997248649597e-01
4.7391796875000000e+03	2.6467892527580261e-01
4.7396411132812500e+03	2.6426106691360474e-01
4.7401030273437500e+03	2.6384663581848145e-01
4.7405649414062500e+03	2.6343601942062378e-01
4.7410268554687500e+03	2.6302957534790039e-01
4.7414887695312500e+03	2.6262769103050232e-01
4.7419506835937500e+03	2.6223078370094299e-01
4.7424130859375000e+03	2.6183915138244629e-01
4.7428750000000000e+03	2.6145327091217041e-01
4.7433369140625000e+03	2.6107344031333923e-01
4.7437993164062500e+03	2.6070016622543335e-01
4.7442617187500000e+03	2.6033371686935425e-01
4.7447236328125000e+03	2.5997456908226013e-01
4.7451860351562500e+03	2.5962311029434204e-01
4.7456484375000000e+03	2.5927972793579102e-01
4.7461108398437500e+03	2.5894480943679810e-01
4.7465732421875000e+03	2.5861880183219910e-01
4.7470356445312500e+03	2.5830212235450745e-01
4.7474985351562500e+03	2.5799512863159180e-01
4.7479609375000000e+03	2.5769820809364319e-01
4.7484233398437500e+03	2.5741183757781982e-01
4.7488862304687500e+03	2.5714823603630066e-01
4.7493491210937500e+03	2.5688472390174866e-01
4.7498115234375000e+03	2.5663292407989502e-01
4.7502744140625000e+03	2.5639334321022034e-01
4.7507373046875000e+03	2.5616627931594849e-01
4.7512001953125000e+03	2.5595220923423767e-01
4.7516630859375000e+03	2.5575152039527893e-01
4.7521259765625000e+03	2.5556457042694092e-01
4.7525893554687500e+03	2.5539180636405945e-01
4.7530522460937500e+03	2.5523364543914795e-01
4.7535156250000000e+03	2.5509035587310791e-01
4.7539785156250000e+03	2.5496241450309753e-01
4.7544418945312500e+03	2.5485023856163025e-01
4.7549052734375000e+03	2.5475412607192993e-01
4.7553681640625000e+03	2.5467452406883240e-01
4.7558315429687500e+03	2.5461173057556152e-01
4.7562949218750000e+03	2.5456613302230835e-01
4.7567587890625000e+03	2.5453817844390869e-01
4.7572221679687500e+03	2.5452810525894165e-01
4.7576855468750000e+03	2.5453633069992065e-01
4.7581494140625000e+03	2.5457555055618286e-01
4.7586127929687500e+03	2.5462263822555542e-01
4.7590766601562500e+03	2.5468915700912476e-01
4.7595400390625000e+03	2.5477543473243713e-01
4.7600039062500000e+03	2.5488179922103882e-01
4.7604677734375000e+03	2.5500863790512085e-01
4.7609316406250000e+03	2.5515618920326233e-01
4.7613955078125000e+03	2.5532481074333191e-01
4.7618593750000000e+03	2.5551480054855347e-01
4.7623232421875000e+03	2.5572651624679565e-01
4.7627875976562500e+03	2.5596013665199280e-01
4.7632514648437500e+03	2.5621607899665833e-01
4.7637158203125000e+03	2.5649455189704895e-01
4.7641796875000000e+03	2.5679588317871094e-01
4.7646440429687500e+03	2.5712025165557861e-01
4.7651083984375000e+03	2.5746798515319824e-01
4.7655727539062500e+03	2.5783932209014893e-01
4.7660371093750000e+03	2.5823447108268738e-01
4.7665014648437500e+03	2.5865375995635986e-01
4.7669658203125000e+03	2.5909727811813354e-01
4.7674301757812500e+03	2.5956538319587708e-01
4.7678945312500000e+03	2.6005822420120239e-01
4.7683593750000000e+03	2.6057597994804382e-01
4.7688237304687500e+03	2.6111882925033569e-01
4.7692885742187500e+03	2.6168704032897949e-01
4.7697534179687500e+03	2.6228073239326477e-01
4.7702177734375000e+03	2.6290002465248108e-01
4.7706826171875000e+03	2.6354518532752991e-01
4.7711474609375000e+03	2.6421624422073364e-01
4.7716123046875000e+03	2.6491343975067139e-01
4.7720776367187500e+03	2.6563677191734314e-01
4.7725424804687500e+03	2.6638650894165039e-01
4.7730073242187500e+03	2.6716265082359314e-01
4.7734726562500000e+03	2.6796534657478333e-01
4.7739375000000000e+03	2.6879465579986572e-01
4.7744028320312500e+03	2.6965066790580750e-01
4.7748681640625000e+03	2.7053344249725342e-01
4.7753334960937500e+03	2.7144306898117065e-01
4.7757983398437500e+03	2.7237954735755920e-01
4.7762636718750000e+03	2.7334290742874146e-01
4.7767294921875000e+03	2.7433329820632935e-01
4.7771948242187500e+03	2.7535060048103333e-01
4.7776601562500000e+03	2.7639487385749817e-01
4.7781254882812500e+03	2.7746614813804626e-01
4.7785913085937500e+03	2.7856439352035522e-01
4.7790571289062500e+03	2.7968961000442505e-01
4.7795224609375000e+03	2.8084170818328857e-01
4.7799882812500000e+03	2.8202077746391296e-01
4.7804541015625000e+03	2.8322666883468628e-01
4.7809199218750000e+03	2.8445941209793091e-01
4.7813857421875000e+03	2.8571888804435730e-01
4.7818515625000000e+03	2.8700512647628784e-01
4.7823173828125000e+03	2.8831794857978821e-01
4.7827832031250000e+03	2.8965738415718079e-01
4.7832495117187500e+03	2.9102328419685364e-01
4.7837153320312500e+03	2.9241567850112915e-01
4.7841816406250000e+03	2.9383429884910583e-01
4.7846479492187500e+03	2.9527926445007324e-01
4.7851137695312500e+03	2.9676324129104614e-01
4.7855800781250000e+03	2.9826304316520691e-01
4.7860463867187500e+03	2.9978936910629272e-01
4.7865126953125000e+03	3.0134212970733643e-01
4.7869794921875000e+03	3.0292138457298279e-01
4.7874458007812500e+03	3.0452716350555420e-01
4.7879121093750000e+03	3.0615955591201782e-01
4.7883789062500000e+03	3.0781862139701843e-01
4.7888452148437500e+03	3.0950435996055603e-01
4.7893120117187500e+03	3.1121706962585449e-01
4.7897783203125000e+03	3.1295680999755859e-01
4.7902451171875000e+03	3.1472384929656982e-01
4.7907119140625000e+03	3.1651842594146729e-01
4.7911787109375000e+03	3.1834077835083008e-01
4.7916455078125000e+03	3.2019141316413879e-01
4.7921123046875000e+03	3.2207065820693970e-01
4.7925795898437500e+03	3.2397899031639099e-01
4.7930463867187500e+03	3.2591706514358521e-01
4.7935131835937500e+03	3.2788544893264771e-01
4.7939804687500000e+03	3.2988488674163818e-01
4.7944477539062500e+03	3.3191612362861633e-01
4.7949145507812500e+03	3.3398023247718811e-01
4.7953818359375000e+03	3.3607810735702515e-01
4.7958491210937500e+03	3.3821099996566772e-01
4.7963164062500000e+03	3.4038010239601135e-01
4.7967836914062500e+03	3.4258681535720825e-01
4.7972509765625000e+03	3.4483265876770020e-01
4.7977187500000000e+03	3.4711924195289612e-01
4.7981860351562500e+03	3.4944850206375122e-01
4.7986538085937500e+03	3.5182228684425354e-01
4.7991210937500000e+03	3.5424265265464783e-01
4.7995888671875000e+03	3.5671204328536987e-01
4.8000566406250000e+03	3.5923266410827637e-01
4.8005244140625000e+03	3.6180722713470459e-01
4.8009916992187500e+03	3.6443847417831421e-01
4.8014599609375000e+03	3.6712920665740967e-01
4.8019277343750000e+03	3.6988252401351929e-01
4.8023955078125000e+03	3.7270164489746094e-01
4.8028632812500000e+03	3.7558981776237488e-01
4.8033315429687500e+03	3.7855049967765808e-01
4.8037993164062500e+03	3.8158726692199707e-01
4.8042675781250000e+03	3.8470384478569031e-01
4.8047353515625000e+03	3.8790392875671387e-01
4.8052036132812500e+03	3.9119136333465576e-01
4.8056718750000000e+03	3.9456990361213684e-01
4.8061401367187500e+03	3.9804354310035706e-01
4.8066083984375000e+03	4.0161600708961487e-01
4.8070766601562500e+03	4.0529116988182068e-01
4.8075454101562500e+03	4.0907284617424011e-01
4.8080136718750000e+03	4.1296452283859253e-01
4.8084819335937500e+03	4.1696968674659729e-01
4.8089506835937500e+03	4.2109179496765137e-01
4.8094194335937500e+03	4.2533370852470398e-01
4.8098876953125000e+03	4.2969834804534912e-01
4.8103564453125000e+03	4.3418818712234497e-01
4.8108251953125000e+03	4.3880531191825867e-01
4.8112939453125000e+03	4.4355157017707825e-01
4.8117626953125000e+03	4.4842836260795593e-01
4.8122314453125000e+03	4.5343646407127380e-01
4.8127006835937500e+03	4.5857620239257812e-01
4.8131694335937500e+03	4.6384745836257935e-01
4.8136381835937500e+03	4.6924957633018494e-01
4.8141074218750000e+03	4.7478103637695312e-01
4.8145766601562500e+03	4.8044008016586304e-01
4.8150454101562500e+03	4.8622399568557739e-01
4.8155146484375000e+03	4.9212962388992310e-01
4.8159838867187500e+03	4.9815303087234497e-01
4.8164531250000000e+03	5.0428980588912964e-01
4.8169223632812500e+03	5.1053446531295776e-01
4.8173920898437500e+03	5.1688152551651001e-01
4.8178613281250000e+03	5.2332437038421631e-01
4.8183305664062500e+03	5.2985602617263794e-01
4.8188002929687500e+03	5.3646892309188843e-01
4.8192695312500000e+03	5.4315501451492310e-01
4.8197392578125000e+03	5.4990571737289429e-01
4.8202089843750000e+03	5.5671215057373047e-01
4.8206787109375000e+03	5.6356501579284668e-01
4.8211484375000000e+03	5.7045471668243408e-01
4.8216181640625000e+03	5.7737159729003906e-01
4.8220878906250000e+03	5.8430570363998413e-01
4.8225576171875000e+03	5.9124720096588135e-01
4.8230278320312500e+03	5.9818619489669800e-01
4.8234975585937500e+03	6.0511285066604614e-01
4.8239677734375000e+03	6.1201775074005127e-01
4.8244375000000000e+03	6.1889153718948364e-01
4.8249077148437500e+03	6.2572538852691650e-01
4.8253779296875000e+03	6.3251078128814697e-01
4.8258481445312500e+03	6.3923990726470947e-01
4.8263183593750000e+03	6.4590549468994141e-01
4.8267885742187500e+03	6.5250074863433838e-01
4.8272587890625000e+03	6.5901976823806763e-01
4.8277290039062500e+03	6.6545742750167847e-01
4.8281997070312500e+03	6.7180949449539185e-01
4.8286699218750000e+03	6.7807227373123169e-01
4.8291406250000000e+03	6.8424326181411743e-01
4.8296108398437500e+03	6.9032061100006104e-01
4.8300815429687500e+03	6.9630348682403564e-01
4.8305522460937500e+03	7.0219200849533081e-01
4.8310229492187500e+03	7.0798683166503906e-01
4.8314936523437500e+03	7.1368980407714844e-01
4.8319643554687500e+03	7.1930330991744995e-01
4.8324350585937500e+03	7.2483068704605103e-01
4.8329062500000000e+03	7.3027575016021729e-01
4.8333769531250000e+03	7.3564320802688599e-01
4.8338481445312500e+03	7.4093824625015259e-01
4.8343188476562500e+03	7.4616634845733643e-01
4.8347900390625000e+03	7.5133359432220459e-01
4.8352612304687500e+03	7.5644636154174805e-01
4.8357324218750000e+03	7.6151126623153687e-01
4.8362036132812500e+03	7.6653510332107544e-01
4.8366748046875000e+03	7.7152460813522339e-01
4.8371459960937500e+03	7.7648657560348511e-01
4.8376171875000000e+03	7.8142768144607544e-01
4.8380883789062500e+03	7.8635454177856445e-01
4.8385600585937500e+03	7.9127311706542969e-01
4.8390312500000000e+03	7.9618936777114868e-01
4.8395029296875000e+03	8.0112081766128540e-01
4.8399746093750000e+03	8.0604869127273560e-01
4.8404462890625000e+03	8.1098884344100952e-01
4.8409174804687500e+03	8.1594508886337280e-01
4.8413891601562500e+03	8.2092040777206421e-01
4.8418613281250000e+03	8.2591724395751953e-01
4.8423330078125000e+03	8.3093720674514771e-01
4.8428046875000000e+03	8.3598107099533081e-01
4.8432763671875000e+03	8.4104919433593750e-01
4.8437485351562500e+03	8.4614086151123047e-01
4.8442207031250000e+03	8.5125470161437988e-01
4.8446923828125000e+03	8.5638856887817383e-01
4.8451645507812500e+03	8.6153954267501831e-01
4.8456367187500000e+03	8.6670410633087158e-01
4.8461088867187500e+03	8.7187778949737549e-01
4.8465810546875000e+03	8.7705570459365845e-01
4.8470532226562500e+03	8.8223224878311157e-01
4.8475253906250000e+03	8.8740140199661255e-01
4.8479980468750000e+03	8.9255625009536743e-01
4.8484702148437500e+03	8.9768964052200317e-01
4.8489423828125000e+03	9.0279388427734375e-01
4.8494150390625000e+03	9.0786117315292358e-01
4.8498876953125000e+03	9.1288280487060547e-01
4.8503603515625000e+03	9.1785043478012085e-01
4.8508325195312500e+03	9.2275488376617432e-01
4.8513051757812500e+03	9.2758744955062866e-01
4.8517783203125000e+03	9.3233847618103027e-01
4.8522509765625000e+03	9.3699908256530762e-01
4.8527236328125000e+03	9.4155973196029663e-01
4.8531962890625000e+03	9.4601118564605713e-01
4.8536694335937500e+03	9.5034426450729370e-01
4.8541420898437500e+03	9.5454961061477661e-01
4.8546152343750000e+03	9.5861852169036865e-01
4.8550883789062500e+03	9.6254199743270874e-01
4.8555615234375000e+03	9.6631157398223877e-01
4.8560346679687500e+03	9.6991860866546631e-01
4.8565078125000000e+03	9.7335535287857056e-01
4.8569809570312500e+03	9.7661370038986206e-01
4.8574541015625000e+03	9.7968631982803345e-01
4.8579272460937500e+03	9.8256599903106689e-01
4.8584008789062500e+03	9.8524606227874756e-01
4.8588740234375000e+03	9.8771995306015015e-01
4.8593476562500000e+03	9.8998177051544189e-01
4.8598208007812500e+03	9.9202579259872437e-01
4.8602944335937500e+03	9.9384677410125732e-01
4.8607680664062500e+03	9.9544000625610352e-01
4.8612416992187500e+03	9.9680113792419434e-01
4.8617153320312500e+03	9.9792593717575073e-01
4.8621889648437500e+03	9.9881124496459961e-01
4.8626630859375000e+03	9.9945372343063354e-01
4.8631367187500000e+03	9.9985074996948242e-01
4.8636103515625000e+03	1.0000000000000000e+00
4.8640844726562500e+03	9.9989986419677734e-01
4.8645585937500000e+03	9.9954885244369507e-01
4.8650322265625000e+03	9.9894589185714722e-01
4.8655063476562500e+03	9.9809056520462036e-01
4.8659804687500000e+03	9.9698275327682495e-01
4.8664545898437500e+03	9.9562239646911621e-01
4.8669287109375000e+03	9.9401062726974487e-01
4.8674028320312500e+03	9.9214822053909302e-01
4.8678774414062500e+03	9.9003666639328003e-01
4.8683515625000000e+03	9.8767769336700439e-01
4.8688261718750000e+03	9.8507368564605713e-01
4.8693002929687500e+03	9.8222684860229492e-01
4.8697749023437500e+03	9.7914040088653564e-01
4.8702495117187500e+03	9.7581732273101807e-01
4.8707236328125000e+03	9.7226119041442871e-01
4.8711982421875000e+03	9.6847599744796753e-01
4.8716728515625000e+03	9.6446585655212402e-01
4.8721479492187500e+03	9.6023517847061157e-01
4.8726225585937500e+03	9.5578867197036743e-01
4.8730971679687500e+03	9.5113146305084229e-01
4.8735722656250000e+03	9.4626885652542114e-01
4.8740468750000000e+03	9.4120615720748901e-01
4.8745219726562500e+03	9.3593955039978027e-01
4.8749965820312500e+03	9.3049627542495728e-01
4.8754716796875000e+03	9.2487049102783203e-01
4.8759467773437500e+03	9.1906887292861938e-01
4.8764218750000000e+03	9.1309791803359985e-01
4.8768969726562500e+03	9.0696442127227783e-01
4.8773720703125000e+03	9.0067511796951294e-01
4.8778476562500000e+03	8.9423733949661255e-01
4.8783227539062500e+03	8.8765799999237061e-01
4.8787983398437500e+03	8.8094437122344971e-01
4.8792734375000000e+03	8.7410390377044678e-01
4.8797490234375000e+03	8.6714380979537964e-01
4.8802246093750000e+03	8.6007171869277954e-01
4.8806997070312500e+03	8.5289531946182251e-01
4.8811752929687500e+03	8.4562188386917114e-01
4.8816508789062500e+03	8.3825927972793579e-01
4.8821269531250000e+03	8.3081489801406860e-01
4.8826025390625000e+03	8.2329642772674561e-01
4.8830781250000000e+03	8.1571149826049805e-01
4.8835541992187500e+03	8.0806761980056763e-01
4.8840297851562500e+03	8.0037224292755127e-01
4.8845058593750000e+03	7.9263281822204590e-01
4.8849814453125000e+03	7.8485691547393799e-01
4.8854575195312500e+03	7.7705156803131104e-01
4.8859335937500000e+03	7.6922410726547241e-01
4.8864096679687500e+03	7.6138168573379517e-01
4.8868857421875000e+03	7.5353121757507324e-01
4.8873618164062500e+03	7.4567955732345581e-01
4.8878383789062500e+03	7.3783349990844727e-01
4.8883144531250000e+03	7.2999954223632812e-01
4.8887910156250000e+03	7.2218412160873413e-01
4.8892670898437500e+03	7.1439361572265625e-01
4.8897436523437500e+03	7.0663398504257202e-01
4.8902202148437500e+03	6.9891113042831421e-01
4.8906962890625000e+03	6.9123089313507080e-01
4.8911728515625000e+03	6.8359881639480591e-01
4.8916494140625000e+03	6.7602002620697021e-01
4.8921264648437500e+03	6.6849988698959351e-01
4.8926030273437500e+03	6.6104340553283691e-01
4.8930795898437500e+03	6.5365499258041382e-01
4.8935561523437500e+03	6.4633935689926147e-01
4.8940332031250000e+03	6.3910073041915894e-01
4.8945102539062500e+03	6.3194310665130615e-01
4.8949868164062500e+03	6.2487047910690308e-01
4.8954638671875000e+03	6.1788630485534668e-01
4.8959409179687500e+03	6.1099404096603394e-01
4.8964179687500000e+03	6.0419690608978271e-01
4.8968950195312500e+03	5.9749770164489746e-01
4.8973720703125000e+03	5.9089916944503784e-01
4.8978496093750000e+03	5.8440387248992920e-01
4.8983266601562500e+03	5.7801389694213867e-01
4.8988037109375000e+03	5.7173144817352295e-01
4.8992812500000000e+03	5.6555825471878052e-01
4.8997587890625000e+03	5.5949586629867554e-01
4.9002358398437500e+03	5.5354571342468262e-01
4.9007133789062500e+03	5.4770898818969727e-01
4.9011909179687500e+03	5.4198676347732544e-01
4.9016684570312500e+03	5.3637957572937012e-01
4.9021459960937500e+03	5.3088802099227905e-01
4.9026240234375000e+03	5.2551257610321045e-01
4.9031015625000000e+03	5.2025336027145386e-01
4.9035791015625000e+03	5.1511043310165405e-01
4.9040571289062500e+03	5.1008355617523193e-01
4.9045346679687500e+03	5.0517237186431885e-01
4.9050126953125000e+03	5.0037646293640137e-01
4.9054907226562500e+03	4.9569508433341980e-01
4.9059687500000000e+03	4.9112749099731445e-01
4.9064467773437500e+03	4.8667263984680176e-01
4.9069248046875000e+03	4.8232942819595337e-01
4.9074028320312500e+03	4.7809672355651855e-01
4.9078808593750000e+03	4.7397303581237793e-01
4.9083593750000000e+03	4.6995696425437927e-01
4.9088374023437500e+03	4.6604701876640320e-01
4.9093159179687500e+03	4.6224135160446167e-01
4.9097939453125000e+03	4.5853832364082336e-01
4.9102724609375000e+03	4.5493596792221069e-01
4.9107509765625000e+03	4.5143243670463562e-01
4.9112294921875000e+03	4.4802561402320862e-01
4.9117080078125000e+03	4.4471344351768494e-01
4.9121865234375000e+03	4.4149380922317505e-01
4.9126650390625000e+03	4.3836453557014465e-01
4.9131440429687500e+03	4.3532329797744751e-01
4.9136225585937500e+03	4.3236786127090454e-01
4.9141015625000000e+03	4.2949590086936951e-01
4.9145800781250000e+03	4.2670509219169617e-01
4.9150590820312500e+03	4.2399302124977112e-01
4.9155380859375000e+03	4.2135742306709290e-01
4.9160170898437500e+03	4.1879573464393616e-01
4.9164960937500000e+03	4.1630572080612183e-01
4.9169750976562500e+03	4.1388490796089172e-01
4.9174541015625000e+03	4.1153097152709961e-01
4.9179331054687500e+03	4.0924143791198730e-01
4.9184125976562500e+03	4.0701416134834290e-01
4.9188916015625000e+03	4.0484663844108582e-01
4.9193710937500000e+03	4.0273657441139221e-01
4.9198500976562500e+03	4.0068185329437256e-01
4.9203295898437500e+03	3.9868006110191345e-01
4.9208090820312500e+03	3.9672911167144775e-01
4.9212885742187500e+03	3.9482682943344116e-01
4.9217680664062500e+03	3.9297100901603699e-01
4.9222475585937500e+03	3.9115983247756958e-01
4.9227270507812500e+03	3.8939106464385986e-01
4.9232070312500000e+03	3.8766282796859741e-01
4.9236865234375000e+03	3.8597324490547180e-01
4.9241665039062500e+03	3.8432046771049500e-01
4.9246459960937500e+03	3.8270273804664612e-01
4.9251259765625000e+03	3.8111829757690430e-01
4.9256059570312500e+03	3.7956547737121582e-01
4.9260859375000000e+03	3.7804272770881653e-01
4.9265659179687500e+03	3.7654852867126465e-01
4.9270458984375000e+03	3.7508141994476318e-01
4.9275258789062500e+03	3.7364000082015991e-01
4.9280058593750000e+03	3.7222295999526978e-01
4.9284863281250000e+03	3.7082901597023010e-01
4.9289663085937500e+03	3.6945703625679016e-01
4.9294467773437500e+03	3.6810585856437683e-01
4.9299272460937500e+03	3.6677446961402893e-01
4.9304072265625000e+03	3.6546176671981812e-01
4.9308876953125000e+03	3.6416700482368469e-01
4.9313681640625000e+03	3.6288920044898987e-01
4.9318486328125000e+03	3.6162763833999634e-01
4.9323291015625000e+03	3.6038157343864441e-01
4.9328100585937500e+03	3.5915032029151917e-01
4.9332905273437500e+03	3.5793328285217285e-01
4.9337709960937500e+03	3.5672995448112488e-01
4.9342519531250000e+03	3.5553985834121704e-01
4.9347329101562500e+03	3.5436254739761353e-01
4.9352133789062500e+03	3.5319760441780090e-01
4.9356943359375000e+03	3.5204479098320007e-01
4.9361752929687500e+03	3.5090380907058716e-01
4.9366562500000000e+03	3.4977445006370544e-01
4.9371372070312500e+03	3.4865656495094299e-01
4.9376181640625000e+03	3.4755003452301025e-01
4.9380996093750000e+03	3.4645476937294006e-01
4.9385805664062500e+03	3.4537073969841003e-01
4.9390620117187500e+03	3.4429800510406494e-01
4.9395429687500000e+03	3.4323647618293762e-01
4.9400244140625000e+03	3.4218642115592957e-01
4.9405058593750000e+03	3.4114784002304077e-01
4.9409873046875000e+03	3.4012088179588318e-01
4.9414687500000000e+03	3.3910578489303589e-01
4.9419501953125000e+03	3.3810272812843323e-01
4.9424316406250000e+03	3.3711192011833191e-01
4.9429130859375000e+03	3.3613371849060059e-01
4.9433945312500000e+03	3.3515670895576477e-01
4.9438764648437500e+03	3.3420482277870178e-01
4.9443579101562500e+03	3.3326634764671326e-01
4.9448398437500000e+03	3.3234161138534546e-01
4.9453217773437500e+03	3.3143103122711182e-01
4.9458037109375000e+03	3.3053496479988098e-01
4.9462856445312500e+03	3.2965376973152161e-01
4.9467675781250000e+03	3.2878774404525757e-01
4.9472495117187500e+03	3.2793742418289185e-01
4.9477314453125000e+03	3.2710310816764832e-01
4.9482133789062500e+03	3.2628524303436279e-01
4.9486958007812500e+03	3.2548424601554871e-01
4.9491777343750000e+03	3.2470050454139709e-01
4.9496601562500000e+03	3.2393440604209900e-01
4.9501425781250000e+03	3.2318633794784546e-01
4.9506245117187500e+03	3.2245677709579468e-01
4.9511069335937500e+03	3.2174605131149292e-01
4.9515893554687500e+03	3.2105457782745361e-01
4.9520717773437500e+03	3.2038274407386780e-01
4.9525546875000000e+03	3.1973090767860413e-01
4.9530371093750000e+03	3.1909945607185364e-01
4.9535195312500000e+03	3.1848874688148499e-01
4.9540024414062500e+03	3.1789913773536682e-01
4.9544848632812500e+03	3.1733092665672302e-01
4.9549677734375000e+03	3.1678447127342224e-01
4.9554506835937500e+03	3.1626006960868835e-01
4.9559335937500000e+03	3.1575804948806763e-01
4.9564165039062500e+03	3.1527864933013916e-01
4.9568994140625000e+03	3.1482213735580444e-01
4.9573823242187500e+03	3.1438887119293213e-01
4.9578652343750000e+03	3.1396788358688354e-01
4.9583486328125000e+03	3.1358233094215393e-01
4.9588315429687500e+03	3.1322059035301208e-01
4.9593149414062500e+03	3.1288284063339233e-01
4.9597978515625000e+03	3.1256920099258423e-01
4.9602812500000000e+03	3.1227985024452209e-01
4.9607646484375000e+03	3.1201499700546265e-01
4.9612480468750000e+03	3.1177467107772827e-01
4.9617314453125000e+03	3.1155905127525330e-01
4.9622148437500000e+03	3.1136813759803772e-01
4.9626982421875000e+03	3.1120201945304871e-01
4.9631816406250000e+03	3.1106078624725342e-01
4.9636655273437500e+03	3.1094440817832947e-01
4.9641489257812500e+03	3.1085291504859924e-01
4.9646328125000000e+03	3.1078633666038513e-01
4.9651166992187500e+03	3.1074458360671997e-01
4.9656000976562500e+03	3.1072756648063660e-01
4.9660839843750000e+03	3.1073534488677979e-01
4.9665678710937500e+03	3.1076771020889282e-01
4.9670517578125000e+03	3.1082460284233093e-01
4.9675356445312500e+03	3.1090590357780457e-01
4.9680200195312500e+03	3.1101146340370178e-01
4.9685039062500000e+03	3.1114110350608826e-01
4.9689882812500000e+03	3.1129467487335205e-01
4.9694721679687500e+03	3.1147193908691406e-01
4.9699565429687500e+03	3.1167271733283997e-01
4.9704409179687500e+03	3.1189677119255066e-01
4.9709248046875000e+03	3.1214377284049988e-01
4.9714091796875000e+03	3.1241354346275330e-01
4.9718935546875000e+03	3.1270578503608704e-01
4.9723784179687500e+03	3.1302013993263245e-01
4.9728627929687500e+03	3.1335631012916565e-01
4.9733471679687500e+03	3.1371399760246277e-01
4.9738320312500000e+03	3.1408107280731201e-01
4.9743164062500000e+03	3.1448170542716980e-01
4.9748012695312500e+03	3.1490257382392883e-01
4.9752861328125000e+03	3.1534332036972046e-01
4.9757705078125000e+03	3.1580355763435364e-01
4.9762553710937500e+03	3.1628277897834778e-01
4.9767402343750000e+03	3.1678062677383423e-01
4.9772250976562500e+03	3.1729659438133240e-01
4.9777104492187500e+03	3.1783017516136169e-01
4.9781953125000000e+03	3.1838086247444153e-01
4.9786801757812500e+03	3.1894823908805847e-01
4.9791655273437500e+03	3.1953173875808716e-01
4.9796503906250000e+03	3.2013082504272461e-01
4.9801357421875000e+03	3.2074487209320068e-01
4.9806210937500000e+03	3.2137340307235718e-01
4.9811064453125000e+03	3.2201579213142395e-01
4.9815917968750000e+03	3.2267147302627563e-01
4.9820771484375000e+03	3.2333984971046448e-01
4.9825625000000000e+03	3.2402020692825317e-01
4.9830478515625000e+03	3.2471203804016113e-01
4.9835336914062500e+03	3.2541462779045105e-01
4.9840190429687500e+03	3.2612729072570801e-01
4.9845048828125000e+03	3.2684940099716187e-01
4.9849902343750000e+03	3.2758027315139771e-01
4.9854760742187500e+03	3.2831916213035583e-01
4.9859619140625000e+03	3.2906544208526611e-01
4.9864477539062500e+03	3.2981836795806885e-01
4.9869335937500000e+03	3.3057719469070435e-01
4.9874194335937500e+03	3.3134120702743530e-01
4.9879052734375000e+03	3.3210963010787964e-01
4.9883916015625000e+03	3.3288168907165527e-01
4.9888774414062500e+03	3.3365669846534729e-01
4.9893637695312500e+03	3.3443385362625122e-01
4.9898496093750000e+03	3.3521234989166260e-01
4.9903359375000000e+03	3.3599144220352173e-01
4.9908222656250000e+03	3.3677029609680176e-01
4.9913085937500000e+03	3.3754813671112061e-01
4.9917949218750000e+03	3.3832415938377380e-01
4.9922812500000000e+03	3.3909752964973450e-01
4.9927675781250000e+03	3.3986747264862061e-01
4.9932543945312500e+03	3.4063318371772766e-01
4.9937407226562500e+03	3.4139379858970642e-01
4.9942270507812500e+03	3.4214848279953003e-01
4.9947138671875000e+03	3.4289643168449402e-01
4.9952006835937500e+03	3.4363687038421631e-01
4.9956875000000000e+03	3.4436890482902527e-01
4.9961743164062500e+03	3.4509173035621643e-01
4.9966606445312500e+03	3.4580451250076294e-01
4.9971479492187500e+03	3.4650644659996033e-01
4.9976347656250000e+03	3.4719675779342651e-01
4.9981215820312500e+03	3.4787452220916748e-01
4.9986083984375000e+03	3.4853899478912354e-01
4.9990957031250000e+03	3.4918940067291260e-01
4.9995825195312500e+03	3.4982490539550781e-01
5.0000698242187500e+03	3.5044461488723755e-01
5.0005571289062500e+03	3.5104793310165405e-01
5.0010444335937500e+03	3.5163396596908569e-01
5.0015317382812500e+03	3.5220199823379517e-01
5.0020190429687500e+03	3.5275122523307800e-01
5.0025063476562500e+03	3.5328096151351929e-01
5.0029936523437500e+03	3.5379043221473694e-01
5.0034814453125000e+03	3.5427892208099365e-01
5.0039687500000000e+03	3.5474574565887451e-01
5.0044565429687500e+03	3.5519021749496460e-01
5.0049438476562500e+03	3.5561162233352661e-01
5.0054316406250000e+03	3.5600939393043518e-01
5.0059194335937500e+03	3.5638278722763062e-01
5.0064072265625000e+03	3.5673132538795471e-01
5.0068950195312500e+03	3.5705426335334778e-01
5.0073828125000000e+03	3.5735109448432922e-01
5.0078706054687500e+03	3.5762128233909607e-01
5.0083588867187500e+03	3.5786426067352295e-01
5.0088466796875000e+03	3.5807955265045166e-01
5.0093344726562500e+03	3.5826665163040161e-01
5.0098227539062500e+03	3.5842511057853699e-01
5.0103110351562500e+03	3.5855448246002197e-01
5.0107993164062500e+03	3.5865435004234314e-01
5.0112875976562500e+03	3.5872435569763184e-01
5.0117758789062500e+03	3.5876417160034180e-01
5.0122641601562500e+03	3.5877344012260437e-01
5.0127524414062500e+03	3.5875186324119568e-01
5.0132407226562500e+03	3.5869917273521423e-01
5.0137294921875000e+03	3.5861518979072571e-01
5.0142177734375000e+03	3.5849967598915100e-01
5.0147065429687500e+03	3.5835236310958862e-01
5.0151948242187500e+03	3.5817325115203857e-01
5.0156835937500000e+03	3.5796216130256653e-01
5.0161723632812500e+03	3.5771900415420532e-01
5.0166611328125000e+03	3.5744374990463257e-01
5.0171499023437500e+03	3.5713639855384827e-01
5.0176386718750000e+03	3.5679697990417480e-01
5.0181279296875000e+03	3.5642546415328979e-01
5.0186166992187500e+03	3.5602197051048279e-01
5.0191054687500000e+03	3.5558664798736572e-01
5.0195947265625000e+03	3.5511964559555054e-01
5.0200839843750000e+03	3.5462099313735962e-01
5.0205727539062500e+03	3.5409107804298401e-01
5.0210620117187500e+03	3.5353004932403564e-01
5.0215512695312500e+03	3.5293823480606079e-01
5.0220405273437500e+03	3.5231587290763855e-01
5.0225297851562500e+03	3.5166326165199280e-01
5.0230195312500000e+03	3.5098087787628174e-01
5.0235087890625000e+03	3.5026898980140686e-01
5.0239980468750000e+03	3.4952804446220398e-01
5.0244877929687500e+03	3.4875854849815369e-01
5.0249775390625000e+03	3.4796091914176941e-01
5.0254667968750000e+03	3.4713566303253174e-01
5.0259565429687500e+03	3.4628325700759888e-01
5.0264462890625000e+03	3.4540429711341858e-01
5.0269360351562500e+03	3.4449931979179382e-01
5.0274257812500000e+03	3.4356895089149475e-01
5.0279160156250000e+03	3.4261378645896912e-01
5.0284057617187500e+03	3.4163442254066467e-01
5.0288955078125000e+03	3.4063157439231873e-01
5.0293857421875000e+03	3.3960586786270142e-01
5.0298754882812500e+03	3.3855801820755005e-01
5.0303657226562500e+03	3.3748868107795715e-01
5.0308559570312500e+03	3.3639863133430481e-01
5.0313461914062500e+03	3.3528861403465271e-01
5.0318364257812500e+03	3.3415925502777100e-01
5.0323266601562500e+03	3.3301141858100891e-01
5.0328168945312500e+03	3.3184590935707092e-01
5.0333076171875000e+03	3.3066341280937195e-01
5.0337978515625000e+03	3.2946470379829407e-01
5.0342880859375000e+03	3.2825064659118652e-01
5.0347788085937500e+03	3.2702201604843140e-01
5.0352695312500000e+03	3.2577961683273315e-01
5.0357602539062500e+03	3.2452419400215149e-01
5.0362504882812500e+03	3.2325664162635803e-01
5.0367412109375000e+03	3.2197770476341248e-01
5.0372324218750000e+03	3.2068821787834167e-01
5.0377231445312500e+03	3.1938901543617249e-01
5.0382138671875000e+03	3.1808084249496460e-01
5.0387045898437500e+03	3.1676450371742249e-01
5.0391958007812500e+03	3.1544086337089539e-01
5.0396865234375000e+03	3.1411066651344299e-01
5.0401777343750000e+03	3.1277468800544739e-01
5.0406689453125000e+03	3.1143373250961304e-01
5.0411601562500000e+03	3.1008854508399963e-01
5.0416513671875000e+03	3.0873990058898926e-01
5.0421425781250000e+03	3.0738851428031921e-01
5.0426337890625000e+03	3.0603525042533875e-01
5.0431250000000000e+03	3.0468064546585083e-01
5.0436166992187500e+03	3.0332550406455994e-01
5.0441079101562500e+03	3.0197054147720337e-01
5.0445996093750000e+03	3.0061647295951843e-01
5.0450908203125000e+03	2.9926386475563049e-01
5.0455825195312500e+03	2.9791349172592163e-01
5.0460742187500000e+03	2.9656594991683960e-01
5.0465659179687500e+03	2.9522183537483215e-01
5.0470576171875000e+03	2.9388183355331421e-01
5.0475493164062500e+03	2.9254642128944397e-01
5.0480410156250000e+03	2.9121631383895874e-01
5.0485332031250000e+03	2.8989195823669434e-01
5.0490249023437500e+03	2.8857398033142090e-01
5.0495170898437500e+03	2.8726285696029663e-01
5.0500087890625000e+03	2.8595906496047974e-01
5.0505009765625000e+03	2.8466317057609558e-01
5.0509931640625000e+03	2.8337562084197998e-01
5.0514853515625000e+03	2.8209680318832397e-01
5.0519775390625000e+03	2.8082725405693054e-01
5.0524697265625000e+03	2.7956730127334595e-01
5.0529619140625000e+03	2.7831739187240601e-01
5.0534541015625000e+03	2.7707788348197937e-01
5.0539467773437500e+03	2.7584913372993469e-01
5.0544389648437500e+03	2.7463153004646301e-01
5.0549316406250000e+03	2.7342528104782104e-01
5.0554243164062500e+03	2.7223083376884460e-01
5.0559169921875000e+03	2.7104845643043518e-01
5.0564091796875000e+03	2.6987832784652710e-01
5.0569018554687500e+03	2.6872080564498901e-01
5.0573950195312500e+03	2.6757612824440002e-01
5.0578876953125000e+03	2.6644447445869446e-01
5.0583803710937500e+03	2.6532602310180664e-01
5.0588735351562500e+03	2.6422107219696045e-01
5.0593662109375000e+03	2.6312974095344543e-01
5.0598593750000000e+03	2.6205223798751831e-01
5.0603520507812500e+03	2.6098862290382385e-01
5.0608452148437500e+03	2.5993916392326355e-01
5.0613383789062500e+03	2.5890389084815979e-01
5.0618315429687500e+03	2.5788301229476929e-01
5.0623247070312500e+03	2.5687649846076965e-01
5.0628178710937500e+03	2.5588455796241760e-01
5.0633115234375000e+03	2.5490722060203552e-01
5.0638046875000000e+03	2.5394457578659058e-01
5.0642978515625000e+03	2.5299659371376038e-01
5.0647915039062500e+03	2.5206351280212402e-01
5.0652851562500000e+03	2.5114521384239197e-01
5.0657788085937500e+03	2.5024178624153137e-01
5.0662719726562500e+03	2.4935325980186462e-01
5.0667656250000000e+03	2.4847960472106934e-01
5.0672597656250000e+03	2.4762088060379028e-01
5.0677534179687500e+03	2.4677708745002747e-01
5.0682470703125000e+03	2.4594816565513611e-01
5.0687407226562500e+03	2.4513415992259979e-01
5.0692348632812500e+03	2.4433504045009613e-01
5.0697285156250000e+03	2.4355079233646393e-01
5.0702226562500000e+03	2.4278132617473602e-01
5.0707167968750000e+03	2.4202668666839600e-01
5.0712109375000000e+03	2.4128684401512146e-01
5.0717050781250000e+03	2.4056167900562286e-01
5.0721992187500000e+03	2.3985117673873901e-01
5.0726933593750000e+03	2.3915529251098633e-01
5.0731875000000000e+03	2.3847402632236481e-01
5.0736821289062500e+03	2.3780727386474609e-01
5.0741762695312500e+03	2.3715496063232422e-01
5.0746708984375000e+03	2.3651705682277679e-01
5.0751650390625000e+03	2.3589353263378143e-01
5.0756596679687500e+03	2.3528429865837097e-01
5.0761542968750000e+03	2.3468923568725586e-01
5.0766489257812500e+03	2.3410835862159729e-01
5.0771435546875000e+03	2.3354156315326691e-01
5.0776381835937500e+03	2.3298880457878113e-01
5.0781328125000000e+03	2.3244999349117279e-01
5.0786279296875000e+03	2.3192505538463593e-01
5.0791225585937500e+03	2.3141394555568695e-01
5.0796176757812500e+03	2.3091655969619751e-01
5.0801123046875000e+03	2.3043285310268402e-01
5.0806074218750000e+03	2.2996276617050171e-01
5.0811025390625000e+03	2.2950619459152222e-01
5.0815976562500000e+03	2.2906309366226196e-01
5.0820927734375000e+03	2.2863334417343140e-01
5.0825878906250000e+03	2.2821694612503052e-01
5.0830830078125000e+03	2.2781379520893097e-01
5.0835781250000000e+03	2.2742380201816559e-01
5.0840737304687500e+03	2.2704689204692841e-01
5.0845688476562500e+03	2.2668303549289703e-01
5.0850644531250000e+03	2.2633218765258789e-01
5.0855600585937500e+03	2.2599415481090546e-01
5.0860556640625000e+03	2.2566901147365570e-01
5.0865512695312500e+03	2.2535659372806549e-01
5.0870468750000000e+03	2.2505685687065125e-01
5.0875424804687500e+03	2.2476974129676819e-01
5.0880380859375000e+03	2.2449520230293274e-01
5.0885336914062500e+03	2.2423312067985535e-01
5.0890297851562500e+03	2.2398346662521362e-01
5.0895253906250000e+03	2.2374616563320160e-01
5.0900214843750000e+03	2.2352115809917450e-01
5.0905175781250000e+03	2.2330838441848755e-01
5.0910131835937500e+03	2.2310777008533478e-01
5.0915092773437500e+03	2.2291924059391022e-01
5.0920053710937500e+03	2.2273111343383789e-01
5.0925014648437500e+03	2.2256717085838318e-01
5.0929980468750000e+03	2.2241510450839996e-01
5.0934941406250000e+03	2.2227485477924347e-01
5.0939902343750000e+03	2.2214637696743011e-01
5.0944868164062500e+03	2.2202962636947632e-01
5.0949833984375000e+03	2.2192451357841492e-01
5.0954794921875000e+03	2.2183100879192352e-01
5.0959760742187500e+03	2.2174903750419617e-01
5.0964726562500000e+03	2.2167856991291046e-01
5.0969692382812500e+03	2.2161957621574402e-01
5.0974658203125000e+03	2.2157193720340729e-01
5.0979624023437500e+03	2.2153563797473907e-01
5.0984594726562500e+03	2.2151061892509460e-01
5.0989560546875000e+03	2.2149685025215149e-01
5.0994526367187500e+03	2.2149427235126495e-01
5.0999497070312500e+03	2.2150284051895142e-01
5.1004467773437500e+03	2.2152251005172729e-01
5.1009438476562500e+03	2.2155323624610901e-01
5.1014404296875000e+03	2.2159501910209656e-01
5.1019375000000000e+03	2.2164772450923920e-01
5.1024350585937500e+03	2.2171141207218170e-01
5.1029321289062500e+03	2.2178599238395691e-01
5.1034291992187500e+03	2.2187143564224243e-01
5.1039262695312500e+03	2.2196771204471588e-01
5.1044238281250000e+03	2.2207483649253845e-01
5.1049213867187500e+03	2.2219270467758179e-01
5.1054184570312500e+03	2.2232130169868469e-01
5.1059160156250000e+03	2.2246065735816956e-01
5.1064135742187500e+03	2.2261069715023041e-01
5.1069111328125000e+03	2.2277140617370605e-01
5.1074086914062500e+03	2.2294273972511292e-01
5.1079062500000000e+03	2.2312472760677338e-01
5.1084042968750000e+03	2.2331731021404266e-01
5.1089018554687500e+03	2.2352053225040436e-01
5.1093994140625000e+03	2.2373430430889130e-01
5.1098974609375000e+03	2.2395867109298706e-01
5.1103955078125000e+03	2.2419357299804688e-01
5.1108930664062500e+03	2.2443901002407074e-01
5.1113911132812500e+03	2.2469499707221985e-01
5.1118891601562500e+03	2.2496154904365540e-01
5.1123872070312500e+03	2.2523856163024902e-01
5.1128857421875000e+03	2.2552613914012909e-01
5.1133837890625000e+03	2.2582420706748962e-01
5.1138818359375000e+03	2.2613282501697540e-01
5.1143803710937500e+03	2.2645188868045807e-01
5.1148784179687500e+03	2.2678148746490479e-01
5.1153769531250000e+03	2.2712157666683197e-01
5.1158754882812500e+03	2.2747218608856201e-01
5.1163740234375000e+03	2.2783327102661133e-01
5.1168725585937500e+03	2.2820487618446350e-01
5.1173710937500000e+03	2.2858691215515137e-01
5.1178696289062500e+03	2.2897946834564209e-01
5.1183681640625000e+03	2.2938251495361328e-01
5.1188671875000000e+03	2.2979600727558136e-01
5.1193657226562500e+03	2.3021996021270752e-01
5.1198647460937500e+03	2.3065440356731415e-01
5.1203632812500000e+03	2.3109927773475647e-01
5.1208623046875000e+03	2.3155455291271210e-01
5.1213613281250000e+03	2.3202021420001984e-01
5.1218603515625000e+03	2.3249629139900208e-01
5.1223593750000000e+03	2.3298272490501404e-01
5.1228583984375000e+03	2.3347947001457214e-01
5.1233574218750000e+03	2.3398654162883759e-01
5.1238569335937500e+03	2.3450382053852081e-01
5.1243559570312500e+03	2.3503136634826660e-01
5.1248554687500000e+03	2.3556908965110779e-01
5.1253549804687500e+03	2.3611690104007721e-01
5.1258540039062500e+03	2.3667475581169128e-01
5.1263535156250000e+03	2.3724263906478882e-01
5.1268530273437500e+03	2.3782041668891907e-01
5.1273525390625000e+03	2.3840802907943726e-01
5.1278520507812500e+03	2.3900540173053741e-01
5.1283520507812500e+03	2.3961244523525238e-01
5.1288515625000000e+03	2.4022901058197021e-01
5.1293515625000000e+03	2.4085502326488495e-01
5.1298510742187500e+03	2.4149037897586823e-01
5.1303510742187500e+03	2.4213489890098572e-01
5.1308510742187500e+03	2.4278849363327026e-01
5.1313505859375000e+03	2.4345098435878754e-01
5.1318505859375000e+03	2.4412220716476440e-01
5.1323505859375000e+03	2.4480201303958893e-01
5.1328510742187500e+03	2.4549020826816559e-01
5.1333510742187500e+03	2.4618659913539886e-01
5.1338510742187500e+03	2.4689100682735443e-01
5.1343515625000000e+03	2.4760317802429199e-01
5.1348515625000000e+03	2.4832293391227722e-01
5.1353520507812500e+03	2.4904997646808624e-01
5.1358525390625000e+03	2.4978409707546234e-01
5.1363530273437500e+03	2.5052505731582642e-01
5.1368535156250000e+03	2.5127252936363220e-01
5.1373540039062500e+03	2.5202625989913940e-01
5.1378544921875000e+03	2.5278595089912415e-01
5.1383549804687500e+03	2.5355130434036255e-01
5.1388554687500000e+03	2.5432196259498596e-01
5.1393564453125000e+03	2.5509756803512573e-01
5.1398569335937500e+03	2.5587788224220276e-01
5.1403579101562500e+03	2.5666245818138123e-01
5.1408588867187500e+03	2.5745096802711487e-01
5.1413598632812500e+03	2.5824299454689026e-01
5.1418608398437500e+03	2.5903818011283875e-01
5.1423618164062500e+03	2.5983607769012451e-01
5.1428627929687500e+03	2.6063627004623413e-01
5.1433637695312500e+03	2.6143839955329895e-01
5.1438652343750000e+03	2.6224195957183838e-01
5.1443662109375000e+03	2.6304656267166138e-01
5.1448676757812500e+03	2.6385170221328735e-01
5.1453686523437500e+03	2.6465693116188049e-01
5.1458701171875000e+03	2.6546177268028259e-01
5.1463715820312500e+03	2.6626574993133545e-01
5.1468730468750000e+03	2.6706841588020325e-01
5.1473745117187500e+03	2.6786920428276062e-01
5.1478759765625000e+03	2.6866763830184937e-01
5.1483774414062500e+03	2.6946324110031128e-01
5.1488793945312500e+03	2.7025544643402100e-01
5.1493808593750000e+03	2.7104374766349792e-01
5.1498828125000000e+03	2.7182766795158386e-01
5.1503842773437500e+03	2.7260661125183105e-01
5.1508862304687500e+03	2.7338010072708130e-01
5.1513881835937500e+03	2.7414759993553162e-01
5.1518901367187500e+03	2.7490857243537903e-01
5.1523920898437500e+03	2.7566248178482056e-01
5.1528940429687500e+03	2.7640879154205322e-01
5.1533964843750000e+03	2.7714693546295166e-01
5.1538984375000000e+03	2.7787649631500244e-01
5.1544003906250000e+03	2.7859687805175781e-01
5.1549028320312500e+03	2.7930754423141479e-01
5.1554052734375000e+03	2.8000798821449280e-01
5.1559072265625000e+03	2.8069776296615601e-01
5.1564096679687500e+03	2.8137627243995667e-01
5.1569121093750000e+03	2.8204306960105896e-01
5.1574145507812500e+03	2.8269767761230469e-01
5.1579169921875000e+03	2.8333958983421326e-01
5.1584199218750000e+03	2.8396832942962646e-01
5.1589223632812500e+03	2.8458344936370850e-01
5.1594252929687500e+03	2.8518453240394592e-01
5.1599277343750000e+03	2.8577110171318054e-01
5.1604306640625000e+03	2.8634274005889893e-01
5.1609335937500000e+03	2.8689903020858765e-01
5.1614360351562500e+03	2.8743961453437805e-01
5.1619389648437500e+03	2.8796404600143433e-01
5.1624418945312500e+03	2.8847205638885498e-01
5.1629453125000000e+03	2.8896319866180420e-01
5.1634482421875000e+03	2.8943720459938049e-01
5.1639511718750000e+03	2.8989377617835999e-01
5.1644545898437500e+03	2.9033249616622925e-01
5.1649575195312500e+03	2.9075321555137634e-01
5.1654609375000000e+03	2.9115566611289978e-01
5.1659643554687500e+03	2.9153954982757568e-01
5.1664677734375000e+03	2.9190462827682495e-01
5.1669711914062500e+03	2.9225084185600281e-01
5.1674746093750000e+03	2.9257786273956299e-01
5.1679780273437500e+03	2.9288560152053833e-01
5.1684814453125000e+03	2.9317393898963928e-01
5.1689853515625000e+03	2.9344275593757629e-01
5.1694887695312500e+03	2.9369196295738220e-01
5.1699926757812500e+03	2.9392147064208984e-01
5.1704960937500000e+03	2.9413127899169922e-01
5.1710000000000000e+03	2.9432129859924316e-01
5.1715039062500000e+03	2.9449158906936646e-01
5.1720078125000000e+03	2.9464215040206909e-01
5.1725117187500000e+03	2.9477307200431824e-01
5.1730156250000000e+03	2.9488432407379150e-01
5.1735195312500000e+03	2.9497608542442322e-01
5.1740239257812500e+03	2.9504850506782532e-01
5.1745278320312500e+03	2.9510161280632019e-01
5.1750322265625000e+03	2.9513561725616455e-01
5.1755366210937500e+03	2.9515066742897034e-01
5.1760405273437500e+03	2.9514706134796143e-01
5.1765449218750000e+03	2.9512494802474976e-01
5.1770493164062500e+03	2.9508459568023682e-01
5.1775537109375000e+03	2.9502624273300171e-01
5.1780585937500000e+03	2.9495018720626831e-01
5.1785629882812500e+03	2.9485672712326050e-01
5.1790673828125000e+03	2.9474622011184692e-01
5.1795722656250000e+03	2.9461896419525146e-01
5.1800766601562500e+03	2.9447534680366516e-01
5.1805815429687500e+03	2.9431575536727905e-01
5.1810864257812500e+03	2.9414057731628418e-01
5.1815913085937500e+03	2.9395020008087158e-01
5.1820961914062500e+03	2.9374507069587708e-01
5.1826010742187500e+03	2.9352560639381409e-01
5.1831059570312500e+03	2.9329231381416321e-01
5.1836108398437500e+03	2.9304563999176025e-01
5.1841162109375000e+03	2.9278606176376343e-01
5.1846210937500000e+03	2.9251405596733093e-01
5.1851264648437500e+03	2.9223015904426575e-01
5.1856313476562500e+03	2.9193484783172607e-01
5.1861367187500000e+03	2.9162874817848206e-01
5.1866420898437500e+03	2.9131224751472473e-01
5.1871474609375000e+03	2.9098600149154663e-01
5.1876528320312500e+03	2.9065054655075073e-01
5.1881582031250000e+03	2.9030635952949524e-01
5.1886640625000000e+03	2.8995409607887268e-01
5.1891694335937500e+03	2.8958284854888916e-01
5.1896752929687500e+03	2.8921657800674438e-01
5.1901806640625000e+03	2.8884389996528625e-01
5.1906865234375000e+03	2.8846535086631775e-01
5.1911923828125000e+03	2.8808152675628662e-01
5.1916982421875000e+03	2.8769302368164062e-01
5.1922041015625000e+03	2.8730040788650513e-01
5.1927099609375000e+03	2.8690424561500549e-01
5.1932158203125000e+03	2.8650510311126709e-01
5.1937216796875000e+03	2.8610357642173767e-01
5.1942280273437500e+03	2.8570017218589783e-01
5.1947338867187500e+03	2.8529557585716248e-01
5.1952402343750000e+03	2.8489020466804504e-01
5.1957465820312500e+03	2.8448471426963806e-01
5.1962524414062500e+03	2.8407961130142212e-01
5.1967587890625000e+03	2.8367537260055542e-01
5.1972651367187500e+03	2.8327265381813049e-01
5.1977719726562500e+03	2.8287190198898315e-01
5.1982783203125000e+03	2.8247362375259399e-01
5.1987846679687500e+03	2.8207835555076599e-01
5.1992910156250000e+03	2.8168654441833496e-01
5.1997978515625000e+03	2.8129869699478149e-01
5.2003046875000000e+03	2.8091526031494141e-01
5.2008110351562500e+03	2.8053671121597290e-01
5.2013178710937500e+03	2.8016346693038940e-01
5.2018247070312500e+03	2.7979600429534912e-01
5.2023315429687500e+03	2.7943465113639832e-01
5.2028383789062500e+03	2.7907988429069519e-01
5.2033457031250000e+03	2.7873206138610840e-01
5.2038525390625000e+03	2.7839156985282898e-01
5.2043593750000000e+03	2.7805873751640320e-01
5.2048666992187500e+03	2.7773389220237732e-01
5.2053735351562500e+03	2.7741736173629761e-01
5.2058808593750000e+03	2.7710950374603271e-01
5.2063881835937500e+03	2.7681055665016174e-01
5.2068955078125000e+03	2.7652081847190857e-01
5.2074028320312500e+03	2.7624049782752991e-01
5.2079101562500000e+03	2.7596989274024963e-01
5.2084174804687500e+03	2.7570921182632446e-01
5.2089252929687500e+03	2.7545863389968872e-01
5.2094326171875000e+03	2.7521836757659912e-01
5.2099404296875000e+03	2.7498859167098999e-01
5.2104477539062500e+03	2.7476942539215088e-01
5.2109555664062500e+03	2.7456104755401611e-01
5.2114633789062500e+03	2.7436357736587524e-01
5.2119711914062500e+03	2.7417710423469543e-01
5.2124790039062500e+03	2.7400168776512146e-01
5.2129868164062500e+03	2.7383747696876526e-01
5.2134946289062500e+03	2.7368447184562683e-01
5.2140029296875000e+03	2.7354270219802856e-01
5.2145107421875000e+03	2.7341222763061523e-01
5.2150190429687500e+03	2.7329304814338684e-01
5.2155268554687500e+03	2.7318516373634338e-01
5.2160351562500000e+03	2.7308854460716248e-01
5.2165434570312500e+03	2.7300316095352173e-01
5.2170517578125000e+03	2.7292895317077637e-01
5.2175600585937500e+03	2.7286589145660400e-01
5.2180683593750000e+03	2.7281391620635986e-01
5.2185771484375000e+03	2.7277290821075439e-01
5.2190854492187500e+03	2.7274277806282043e-01
5.2195937500000000e+03	2.7272343635559082e-01
5.2201025390625000e+03	2.7271473407745361e-01
5.2206113281250000e+03	2.7271658182144165e-01
5.2211201171875000e+03	2.7272883057594299e-01
5.2216284179687500e+03	2.7275127172470093e-01
5.2221372070312500e+03	2.7278384566307068e-01
5.2226459960937500e+03	2.7282634377479553e-01
5.2231552734375000e+03	2.7287858724594116e-01
5.2236640625000000e+03	2.7294042706489563e-01
5.2241728515625000e+03	2.7301162481307983e-01
5.2246821289062500e+03	2.7309203147888184e-01
5.2251909179687500e+03	2.7318143844604492e-01
5.2257001953125000e+03	2.7327960729598999e-01
5.2262094726562500e+03	2.7338638901710510e-01
5.2267187500000000e+03	2.7350151538848877e-01
5.2272280273437500e+03	2.7362480759620667e-01
5.2277373046875000e+03	2.7375599741935730e-01
5.2282465820312500e+03	2.7389490604400635e-01
5.2287558593750000e+03	2.7404129505157471e-01
5.2292656250000000e+03	2.7419489622116089e-01
5.2297749023437500e+03	2.7435556054115295e-01
5.2302846679687500e+03	2.7452296018600464e-01
5.2307944335937500e+03	2.7469694614410400e-01
5.2313037109375000e+03	2.7487722039222717e-01
5.2318134765625000e+03	2.7506351470947266e-01
5.2323232421875000e+03	2.7525565028190613e-01
5.2328330078125000e+03	2.7545338869094849e-01
5.2333432617187500e+03	2.7565649151802063e-01
5.2338530273437500e+03	2.7586469054222107e-01
5.2343627929687500e+03	2.7607774734497070e-01
5.2348730468750000e+03	2.7629542350769043e-01
5.2353833007812500e+03	2.7651754021644592e-01
5.2358930664062500e+03	2.7674376964569092e-01
5.2364033203125000e+03	2.7697393298149109e-01
5.2369135742187500e+03	2.7720779180526733e-01
5.2374238281250000e+03	2.7744507789611816e-01
5.2379340820312500e+03	2.7768558263778687e-01
5.2384443359375000e+03	2.7792909741401672e-01
5.2389550781250000e+03	2.7817532420158386e-01
5.2394653320312500e+03	2.7842408418655396e-01
5.2399760742187500e+03	2.7867513895034790e-01
5.2404863281250000e+03	2.7892825007438660e-01
5.2409970703125000e+03	2.7918323874473572e-01
5.2415078125000000e+03	2.7943977713584900e-01
5.2420185546875000e+03	2.7969774603843689e-01
5.2425292968750000e+03	2.7995687723159790e-01
5.2430400390625000e+03	2.8021696209907532e-01
5.2435507812500000e+03	2.8047776222229004e-01
5.2440620117187500e+03	2.8073906898498535e-01
5.2445727539062500e+03	2.8100064396858215e-01
5.2450839843750000e+03	2.8126227855682373e-01
5.2455952148437500e+03	2.8152382373809814e-01
5.2461059570312500e+03	2.8178495168685913e-01
5.2466171875000000e+03	2.8204554319381714e-01
5.2471284179687500e+03	2.8230533003807068e-01
5.2476396484375000e+03	2.8256413340568542e-01
5.2481508789062500e+03	2.8282174468040466e-01
5.2486625976562500e+03	2.8307792544364929e-01
5.2491738281250000e+03	2.8333249688148499e-01
5.2496855468750000e+03	2.8358522057533264e-01
5.2501967773437500e+03	2.8383594751358032e-01
5.2507084960937500e+03	2.8408443927764893e-01
5.2512202148437500e+03	2.8433048725128174e-01
5.2517314453125000e+03	2.8457391262054443e-01
5.2522431640625000e+03	2.8481450676918030e-01
5.2527553710937500e+03	2.8505209088325500e-01
5.2532670898437500e+03	2.8528651595115662e-01
5.2537788085937500e+03	2.8551748394966125e-01
5.2542905273437500e+03	2.8574487566947937e-01
5.2548027343750000e+03	2.8596854209899902e-01
5.2553149414062500e+03	2.8618824481964111e-01
5.2558266601562500e+03	2.8640380501747131e-01
5.2563388671875000e+03	2.8661510348320007e-01
5.2568510742187500e+03	2.8682196140289307e-01
5.2573632812500000e+03	2.8702417016029358e-01
5.2578754882812500e+03	2.8722161054611206e-01
5.2583876953125000e+03	2.8741410374641418e-01
5.2589003906250000e+03	2.8760153055191040e-01
5.2594125976562500e+03	2.8778374195098877e-01
5.2599252929687500e+03	2.8796055912971497e-01
5.2604375000000000e+03	2.8813192248344421e-01
5.2609501953125000e+03	2.8829765319824219e-01
5.2614628906250000e+03	2.8845763206481934e-01
5.2619755859375000e+03	2.8861176967620850e-01
5.2624882812500000e+03	2.8875994682312012e-01
5.2630009765625000e+03	2.8890204429626465e-01
5.2635136718750000e+03	2.8903806209564209e-01
5.2640263671875000e+03	2.8916782140731812e-01
5.2645395507812500e+03	2.8929126262664795e-01
5.2650522460937500e+03	2.8940841555595398e-01
5.2655654296875000e+03	2.8951907157897949e-01
5.2660786132812500e+03	2.8962332010269165e-01
5.2665917968750000e+03	2.8972104191780090e-01
5.2671049804687500e+03	2.8981223702430725e-01
5.2676181640625000e+03	2.8989684581756592e-01
5.2681313476562500e+03	2.8997492790222168e-01
5.2686445312500000e+03	2.9004645347595215e-01
5.2691577148437500e+03	2.9011139273643494e-01
5.2696713867187500e+03	2.9016977548599243e-01
5.2701850585937500e+03	2.9022163152694702e-01
5.2706982421875000e+03	2.9026705026626587e-01
5.2712119140625000e+03	2.9030600190162659e-01
5.2717255859375000e+03	2.9033857583999634e-01
5.2722392578125000e+03	2.9036480188369751e-01
5.2727529296875000e+03	2.9038479924201965e-01
5.2732666015625000e+03	2.9039859771728516e-01
5.2737802734375000e+03	2.9040628671646118e-01
5.2742944335937500e+03	2.9040801525115967e-01
5.2748081054687500e+03	2.9040381312370300e-01
5.2753222656250000e+03	2.9039382934570312e-01
5.2758364257812500e+03	2.9037812352180481e-01
5.2763500976562500e+03	2.9035693407058716e-01
5.2768642578125000e+03	2.9033026099205017e-01
5.2773784179687500e+03	2.9029831290245056e-01
5.2778925781250000e+03	2.9026120901107788e-01
5.2784072265625000e+03	2.9021909832954407e-01
5.2789213867187500e+03	2.9017207026481628e-01
5.2794355468750000e+03	2.9012030363082886e-01
5.2799501953125000e+03	2.9006397724151611e-01
5.2804643554687500e+03	2.9000324010848999e-01
5.2809790039062500e+03	2.8993821144104004e-01
5.2814936523437500e+03	2.8986909985542297e-01
5.2820083007812500e+03	2.8979596495628357e-01
5.2825229492187500e+03	2.8971904516220093e-01
5.2830375976562500e+03	2.8963842988014221e-01
5.2835522460937500e+03	2.8955435752868652e-01
5.2840673828125000e+03	2.8946685791015625e-01
5.2845820312500000e+03	2.8937619924545288e-01
5.2850971679687500e+03	2.8928241133689880e-01
5.2856118164062500e+03	2.8918573260307312e-01
5.2861269531250000e+03	2.8908622264862061e-01
5.2866420898437500e+03	2.8898400068283081e-01
5.2871572265625000e+03	2.8887924551963806e-01
5.2876723632812500e+03	2.8877204656600952e-01
5.2881875000000000e+03	2.8866249322891235e-01
5.2887026367187500e+03	2.8855064511299133e-01
5.2892182617187500e+03	2.8843668103218079e-01
5.2897333984375000e+03	2.8832066059112549e-01
5.2902490234375000e+03	2.8820261359214783e-01
5.2907641601562500e+03	2.8808259963989258e-01
5.2912797851562500e+03	2.8796073794364929e-01
5.2917954101562500e+03	2.8783699870109558e-01
5.2923110351562500e+03	2.8771147131919861e-01
5.2928266601562500e+03	2.8758412599563599e-01
5.2933422851562500e+03	2.8745502233505249e-01
5.2938583984375000e+03	2.8732410073280334e-01
5.2943740234375000e+03	2.8719142079353333e-01
5.2948901367187500e+03	2.8705692291259766e-01
5.2954057617187500e+03	2.8692057728767395e-01
5.2959218750000000e+03	2.8678238391876221e-01
5.2964379882812500e+03	2.8664219379425049e-01
5.2969541015625000e+03	2.8650003671646118e-01
5.2974702148437500e+03	2.8635579347610474e-01
5.2979863281250000e+03	2.8620940446853638e-01
5.2985024414062500e+03	2.8606075048446655e-01
5.2990185546875000e+03	2.8590971231460571e-01
5.2995351562500000e+03	2.8575620055198669e-01
5.3000512695312500e+03	2.8560012578964233e-01
5.3005678710937500e+03	2.8544133901596069e-01
5.3010844726562500e+03	2.8527966141700745e-01
5.3016005859375000e+03	2.8511497378349304e-01
5.3021171875000000e+03	2.8494715690612793e-01
5.3026337890625000e+03	2.8477603197097778e-01
5.3031508789062500e+03	2.8460139036178589e-01
5.3036674804687500e+03	2.8442314267158508e-01
5.3041840820312500e+03	2.8424108028411865e-01
5.3047011718750000e+03	2.8405502438545227e-01
5.3052177734375000e+03	2.8386479616165161e-01
5.3057348632812500e+03	2.8367021679878235e-01
5.3062519531250000e+03	2.8347110748291016e-01
5.3067690429687500e+03	2.8326731920242310e-01
5.3072856445312500e+03	2.8305864334106445e-01
5.3078032226562500e+03	2.8284487128257751e-01
5.3083203125000000e+03	2.8262585401535034e-01
5.3088374023437500e+03	2.8240147233009338e-01
5.3093544921875000e+03	2.8217145800590515e-01
5.3098720703125000e+03	2.8193569183349609e-01
5.3103891601562500e+03	2.8169402480125427e-01
5.3109067382812500e+03	2.8144624829292297e-01
5.3114243164062500e+03	2.8119230270385742e-01
5.3119418945312500e+03	2.8093194961547852e-01
5.3124594726562500e+03	2.8066506981849670e-01
5.3129770507812500e+03	2.8039160370826721e-01
5.3134946289062500e+03	2.8011134266853333e-01
5.3140126953125000e+03	2.7982422709465027e-01
5.3145302734375000e+03	2.7953013777732849e-01
5.3150478515625000e+03	2.7922904491424561e-01
5.3155659179687500e+03	2.7892079949378967e-01
5.3160839843750000e+03	2.7860534191131592e-01
5.3166020507812500e+03	2.7828264236450195e-01
5.3171201171875000e+03	2.7795261144638062e-01
5.3176381835937500e+03	2.7761530876159668e-01
5.3181562500000000e+03	2.7727058529853821e-01
5.3186743164062500e+03	2.7691856026649475e-01
5.3191923828125000e+03	2.7655920386314392e-01
5.3197109375000000e+03	2.7619245648384094e-01
5.3202290039062500e+03	2.7581846714019775e-01
5.3207475585937500e+03	2.7543720602989197e-01
5.3212661132812500e+03	2.7504873275756836e-01
5.3217846679687500e+03	2.7465313673019409e-01
5.3223032226562500e+03	2.7425053715705872e-01
5.3228217773437500e+03	2.7384099364280701e-01
5.3233403320312500e+03	2.7342456579208374e-01
5.3238588867187500e+03	2.7300143241882324e-01
5.3243779296875000e+03	2.7257177233695984e-01
5.3248964843750000e+03	2.7213561534881592e-01
5.3254155273437500e+03	2.7169322967529297e-01
5.3259340820312500e+03	2.7124467492103577e-01
5.3264531250000000e+03	2.7079021930694580e-01
5.3269721679687500e+03	2.7032998204231262e-01
5.3274912109375000e+03	2.6986417174339294e-01
5.3280102539062500e+03	2.6939305663108826e-01
5.3285292968750000e+03	2.6891675591468811e-01
5.3290488281250000e+03	2.6843550801277161e-01
5.3295678710937500e+03	2.6794958114624023e-01
5.3300874023437500e+03	2.6745921373367310e-01
5.3306064453125000e+03	2.6696458458900452e-01
5.3311259765625000e+03	2.6646599173545837e-01
5.3316455078125000e+03	2.6596361398696899e-01
5.3321650390625000e+03	2.6545777916908264e-01
5.3326845703125000e+03	2.6494869589805603e-01
5.3332041015625000e+03	2.6443663239479065e-01
5.3337236328125000e+03	2.6392185688018799e-01
5.3342436523437500e+03	2.6340463757514954e-01
5.3347631835937500e+03	2.6288518309593201e-01
5.3352832031250000e+03	2.6236382126808167e-01
5.3358027343750000e+03	2.6184076070785522e-01
5.3363227539062500e+03	2.6131626963615417e-01
5.3368427734375000e+03	2.6079061627388000e-01
5.3373627929687500e+03	2.6026403903961182e-01
5.3378828125000000e+03	2.5973680615425110e-01
5.3384028320312500e+03	2.5920915603637695e-01
5.3389228515625000e+03	2.5868129730224609e-01
5.3394433593750000e+03	2.5815352797508240e-01
5.3399633789062500e+03	2.5762602686882019e-01
5.3404838867187500e+03	2.5709906220436096e-01
5.3410043945312500e+03	2.5657281279563904e-01
5.3415244140625000e+03	2.5604751706123352e-01
5.3420449218750000e+03	2.5552341341972351e-01
5.3425654296875000e+03	2.5500062108039856e-01
5.3430859375000000e+03	2.5447940826416016e-01
5.3436069335937500e+03	2.5395992398262024e-01
5.3441274414062500e+03	2.5344237685203552e-01
5.3446479492187500e+03	2.5292691588401794e-01
5.3451689453125000e+03	2.5241369009017944e-01
5.3456899414062500e+03	2.5190284848213196e-01
5.3462104492187500e+03	2.5139459967613220e-01
5.3467314453125000e+03	2.5088903307914734e-01
5.3472524414062500e+03	2.5038629770278931e-01
5.3477734375000000e+03	2.4988651275634766e-01
5.3482944335937500e+03	2.4938979744911194e-01
5.3488159179687500e+03	2.4889622628688812e-01
5.3493369140625000e+03	2.4840594828128815e-01
5.3498579101562500e+03	2.4791903793811798e-01
5.3503793945312500e+03	2.4743556976318359e-01
5.3509008789062500e+03	2.4695564806461334e-01
5.3514218750000000e+03	2.4647933244705200e-01
5.3519433593750000e+03	2.4600666761398315e-01
5.3524648437500000e+03	2.4553775787353516e-01
5.3529863281250000e+03	2.4507260322570801e-01
5.3535083007812500e+03	2.4461129307746887e-01
5.3540297851562500e+03	2.4415385723114014e-01
5.3545512695312500e+03	2.4370032548904419e-01
5.3550732421875000e+03	2.4325077235698700e-01
5.3555947265625000e+03	2.4280515313148499e-01
5.3561166992187500e+03	2.4236354231834412e-01
5.3566386718750000e+03	2.4192598462104797e-01
5.3571606445312500e+03	2.4149243533611298e-01
5.3576826171875000e+03	2.4106295406818390e-01
5.3582045898437500e+03	2.4063758552074432e-01
5.3587265625000000e+03	2.4021627008914948e-01
5.3592490234375000e+03	2.3979903757572174e-01
5.3597709960937500e+03	2.3938596248626709e-01
5.3602934570312500e+03	2.3897695541381836e-01
5.3608154296875000e+03	2.3857209086418152e-01
5.3613378906250000e+03	2.3817133903503418e-01
5.3618603515625000e+03	2.3777474462985992e-01
5.3623828125000000e+03	2.3738230764865875e-01
5.3629052734375000e+03	2.3699401319026947e-01
5.3634277343750000e+03	2.3660986125469208e-01
5.3639501953125000e+03	2.3622994124889374e-01
5.3644731445312500e+03	2.3585416376590729e-01
5.3649956054687500e+03	2.3548260331153870e-01
5.3655185546875000e+03	2.3511525988578796e-01
5.3660410156250000e+03	2.3475213348865509e-01
5.3665639648437500e+03	2.3439326882362366e-01
5.3670869140625000e+03	2.3403869569301605e-01
5.3676098632812500e+03	2.3368841409683228e-01
5.3681328125000000e+03	2.3334242403507233e-01
5.3686562500000000e+03	2.3300078511238098e-01
5.3691791992187500e+03	2.3266352713108063e-01
5.3697021484375000e+03	2.3233069479465485e-01
5.3702255859375000e+03	2.3200228810310364e-01
5.3707485351562500e+03	2.3167836666107178e-01
5.3712719726562500e+03	2.3135891556739807e-01
5.3717954101562500e+03	2.3104403913021088e-01
5.3723188476562500e+03	2.3073375225067139e-01
5.3728422851562500e+03	2.3042809963226318e-01
5.3733657226562500e+03	2.3012709617614746e-01
5.3738891601562500e+03	2.2983081638813019e-01
5.3744130859375000e+03	2.2953930497169495e-01
5.3749365234375000e+03	2.2925257682800293e-01
