4.5996455078125000e+03	5.4758465290069580e-01
4.6000937500000000e+03	5.4713082313537598e-01
4.6005419921875000e+03	5.4737567901611328e-01
4.6009902343750000e+03	5.4763293266296387e-01
4.6014384765625000e+03	5.4790294170379639e-01
4.6018867187500000e+03	5.4818624258041382e-01
4.6023349609375000e+03	5.4848319292068481e-01
4.6027836914062500e+03	5.4879438877105713e-01
4.6032319335937500e+03	5.4912477731704712e-01
4.6036806640625000e+03	5.4946589469909668e-01
4.6041289062500000e+03	5.4982244968414307e-01
4.6045776367187500e+03	5.5019474029541016e-01
4.6050263671875000e+03	5.5058306455612183e-01
4.6054746093750000e+03	5.5098772048950195e-01
4.6059233398437500e+03	5.5140900611877441e-01
4.6063720703125000e+03	5.5184704065322876e-01
4.6068208007812500e+03	5.5230200290679932e-01
4.6072700195312500e+03	5.5277407169342041e-01
4.6077187500000000e+03	5.5326324701309204e-01
4.6081674804687500e+03	5.5376976728439331e-01
4.6086166992187500e+03	5.5429333448410034e-01
4.6090654296875000e+03	5.5483412742614746e-01
4.6095146484375000e+03	5.5539202690124512e-01
4.6099638671875000e+03	5.5596667528152466e-01
4.6104130859375000e+03	5.5655801296234131e-01
4.6108623046875000e+03	5.5716580152511597e-01
4.6113115234375000e+03	5.5778962373733521e-01
4.6117607421875000e+03	5.5842918157577515e-01
4.6122099609375000e+03	5.5908405780792236e-01
4.6126591796875000e+03	5.5975371599197388e-01
4.6131088867187500e+03	5.6043761968612671e-01
4.6135581054687500e+03	5.6113529205322266e-01
4.6140078125000000e+03	5.6184595823287964e-01
4.6144570312500000e+03	5.6256902217864990e-01
4.6149067382812500e+03	5.6330364942550659e-01
4.6153564453125000e+03	5.6404912471771240e-01
4.6158061523437500e+03	5.6480461359024048e-01
4.6162558593750000e+03	5.6556922197341919e-01
4.6167055664062500e+03	5.6634205579757690e-01
4.6171552734375000e+03	5.6712198257446289e-01
4.6176049804687500e+03	5.6790816783905029e-01
4.6180551757812500e+03	5.6869941949844360e-01
4.6185048828125000e+03	5.6949472427368164e-01
4.6189550781250000e+03	5.7029300928115845e-01
4.6194047851562500e+03	5.7109296321868896e-01
4.6198549804687500e+03	5.7189357280731201e-01
4.6203051757812500e+03	5.7269364595413208e-01
4.6207553710937500e+03	5.7349175214767456e-01
4.6212055664062500e+03	5.7428681850433350e-01
4.6216557617187500e+03	5.7507753372192383e-01
4.6221059570312500e+03	5.7586264610290527e-01
4.6225561523437500e+03	5.7664090394973755e-01
4.6230063476562500e+03	5.7741087675094604e-01
4.6234570312500000e+03	5.7817149162292480e-01
4.6239072265625000e+03	5.7892137765884399e-01
4.6243579101562500e+03	5.7965916395187378e-01
4.6248085937500000e+03	5.8038377761840820e-01
4.6252592773437500e+03	5.8109390735626221e-01
4.6257094726562500e+03	5.8178818225860596e-01
4.6261601562500000e+03	5.8246564865112305e-01
4.6266108398437500e+03	5.8312481641769409e-01
4.6270620117187500e+03	5.8376479148864746e-01
4.6275126953125000e+03	5.8438438177108765e-01
4.6279633789062500e+03	5.8498239517211914e-01
4.6284145507812500e+03	5.8555793762207031e-01
4.6288652343750000e+03	5.8610993623733521e-01
4.6293164062500000e+03	5.8663737773895264e-01
4.6297670898437500e+03	5.8713936805725098e-01
4.6302182617187500e+03	5.8761501312255859e-01
4.6306694335937500e+03	5.8806365728378296e-01
4.6311206054687500e+03	5.8848440647125244e-01
4.6315717773437500e+03	5.8887654542922974e-01
4.6320229492187500e+03	5.8923947811126709e-01
4.6324741210937500e+03	5.8957260847091675e-01
4.6329257812500000e+03	5.8987534046173096e-01
4.6333769531250000e+03	5.9014737606048584e-01
4.6338286132812500e+03	5.9038823843002319e-01
4.6342797851562500e+03	5.9059751033782959e-01
4.6347314453125000e+03	5.9077513217926025e-01
4.6351831054687500e+03	5.9092074632644653e-01
4.6356347656250000e+03	5.9103429317474365e-01
4.6360864257812500e+03	5.9111559391021729e-01
4.6365380859375000e+03	5.9116488695144653e-01
4.6369897460937500e+03	5.9118205308914185e-01
4.6374414062500000e+03	5.9116727113723755e-01
4.6378930664062500e+03	5.9112083911895752e-01
4.6383452148437500e+03	5.9104299545288086e-01
4.6387968750000000e+03	5.9093397855758667e-01
4.6392490234375000e+03	5.9079420566558838e-01
4.6397011718750000e+03	5.9062433242797852e-01
4.6401528320312500e+03	5.9042459726333618e-01
4.6406049804687500e+03	5.9019571542739868e-01
4.6410571289062500e+03	5.8993822336196899e-01
4.6415092773437500e+03	5.8965295553207397e-01
4.6419614257812500e+03	5.8934050798416138e-01
4.6424135742187500e+03	5.8900165557861328e-01
4.6428662109375000e+03	5.8863729238510132e-01
4.6433183593750000e+03	5.8824819326400757e-01
4.6437709960937500e+03	5.8783525228500366e-01
4.6442231445312500e+03	5.8739948272705078e-01
4.6446757812500000e+03	5.8694177865982056e-01
4.6451284179687500e+03	5.8646321296691895e-01
4.6455810546875000e+03	5.8596467971801758e-01
4.6460336914062500e+03	5.8544737100601196e-01
4.6464863281250000e+03	5.8491212129592896e-01
4.6469389648437500e+03	5.8436024188995361e-01
4.6473916015625000e+03	5.8379268646240234e-01
4.6478442382812500e+03	5.8321052789688110e-01
4.6482973632812500e+03	5.8261495828628540e-01
4.6487500000000000e+03	5.8200705051422119e-01
4.6492031250000000e+03	5.8138793706893921e-01
4.6496557617187500e+03	5.8075863122940063e-01
4.6501088867187500e+03	5.8012026548385620e-01
4.6505620117187500e+03	5.7947385311126709e-01
4.6510151367187500e+03	5.7882064580917358e-01
4.6514682617187500e+03	5.7816153764724731e-01
4.6519213867187500e+03	5.7749766111373901e-01
4.6523745117187500e+03	5.7682991027832031e-01
4.6528276367187500e+03	5.7615947723388672e-01
4.6532812500000000e+03	5.7548707723617554e-01
4.6537343750000000e+03	5.7481384277343750e-01
4.6541879882812500e+03	5.7414066791534424e-01
4.6546416015625000e+03	5.7346832752227783e-01
4.6550947265625000e+03	5.7279771566390991e-01
4.6555483398437500e+03	5.7212972640991211e-01
4.6560019531250000e+03	5.7146495580673218e-01
4.6564555664062500e+03	5.7080429792404175e-01
4.6569091796875000e+03	5.7014852762222290e-01
4.6573627929687500e+03	5.6949812173843384e-01
4.6578168945312500e+03	5.6885373592376709e-01
4.6582705078125000e+03	5.6821608543395996e-01
4.6587246093750000e+03	5.6758564710617065e-01
4.6591782226562500e+03	5.6696283817291260e-01
4.6596323242187500e+03	5.6634819507598877e-01
4.6600864257812500e+03	5.6574219465255737e-01
4.6605400390625000e+03	5.6514519453048706e-01
4.6609941406250000e+03	5.6455755233764648e-01
4.6614482421875000e+03	5.6397944688796997e-01
4.6619023437500000e+03	5.6341129541397095e-01
4.6623569335937500e+03	5.6285321712493896e-01
4.6628110351562500e+03	5.6230556964874268e-01
4.6632651367187500e+03	5.6176835298538208e-01
4.6637197265625000e+03	5.6124174594879150e-01
4.6641738281250000e+03	5.6072580814361572e-01
4.6646284179687500e+03	5.6022059917449951e-01
4.6650830078125000e+03	5.5972617864608765e-01
4.6655375976562500e+03	5.5924254655838013e-01
4.6659916992187500e+03	5.5876958370208740e-01
4.6664462890625000e+03	5.5830723047256470e-01
4.6669013671875000e+03	5.5785548686981201e-01
4.6673559570312500e+03	5.5741423368453979e-01
4.6678105468750000e+03	5.5698317289352417e-01
4.6682651367187500e+03	5.5656230449676514e-01
4.6687202148437500e+03	5.5615133047103882e-01
4.6691748046875000e+03	5.5575013160705566e-01
4.6696298828125000e+03	5.5535846948623657e-01
4.6700849609375000e+03	5.5497598648071289e-01
4.6705400390625000e+03	5.5460256338119507e-01
4.6709951171875000e+03	5.5423796176910400e-01
4.6714501953125000e+03	5.5388170480728149e-01
4.6719052734375000e+03	5.5353361368179321e-01
4.6723603515625000e+03	5.5319339036941528e-01
4.6728154296875000e+03	5.5286067724227905e-01
4.6732709960937500e+03	5.5253523588180542e-01
4.6737260742187500e+03	5.5221658945083618e-01
4.6741816406250000e+03	5.5190449953079224e-01
4.6746367187500000e+03	5.5159866809844971e-01
4.6750922851562500e+03	5.5129861831665039e-01
4.6755478515625000e+03	5.5100399255752563e-01
4.6760034179687500e+03	5.5071449279785156e-01
4.6764589843750000e+03	5.5042982101440430e-01
4.6769145507812500e+03	5.5014944076538086e-01
4.6773701171875000e+03	5.4987317323684692e-01
4.6778256835937500e+03	5.4960054159164429e-01
4.6782817382812500e+03	5.4933124780654907e-01
4.6787373046875000e+03	5.4906481504440308e-01
4.6791933593750000e+03	5.4880094528198242e-01
4.6796489257812500e+03	5.4853928089141846e-01
4.6801049804687500e+03	5.4827946424484253e-01
4.6805610351562500e+03	5.4802107810974121e-01
4.6810170898437500e+03	5.4776388406753540e-01
4.6814731445312500e+03	5.4750734567642212e-01
4.6819291992187500e+03	5.4725122451782227e-01
4.6823852539062500e+03	5.4699510335922241e-01
4.6828413085937500e+03	5.4673868417739868e-01
4.6832978515625000e+03	5.4648160934448242e-01
4.6837539062500000e+03	5.4622346162796021e-01
4.6842104492187500e+03	5.4596394300460815e-01
4.6846669921875000e+03	5.4570269584655762e-01
4.6851230468750000e+03	5.4543942213058472e-01
4.6855795898437500e+03	5.4517358541488647e-01
4.6860361328125000e+03	5.4490512609481812e-01
4.6864926757812500e+03	5.4463362693786621e-01
4.6869492187500000e+03	5.4435867071151733e-01
4.6874057617187500e+03	5.4407995939254761e-01
4.6878627929687500e+03	5.4379719495773315e-01
4.6883193359375000e+03	5.4350996017456055e-01
4.6887758789062500e+03	5.4321813583374023e-01
4.6892329101562500e+03	5.4292130470275879e-01
4.6896899414062500e+03	5.4261910915374756e-01
4.6901464843750000e+03	5.4231125116348267e-01
4.6906035156250000e+03	5.4199755191802979e-01
4.6910605468750000e+03	5.4167759418487549e-01
4.6915175781250000e+03	5.4135113954544067e-01
4.6919746093750000e+03	5.4101788997650146e-01
4.6924321289062500e+03	5.4067754745483398e-01
4.6928891601562500e+03	5.4032999277114868e-01
4.6933461914062500e+03	5.3997480869293213e-01
4.6938037109375000e+03	5.3961175680160522e-01
4.6942607421875000e+03	5.3924065828323364e-01
4.6947182617187500e+03	5.3886127471923828e-01
4.6951757812500000e+03	5.3847336769104004e-01
4.6956328125000000e+03	5.3807675838470459e-01
4.6960903320312500e+03	5.3767120838165283e-01
4.6965478515625000e+03	5.3725653886795044e-01
4.6970058593750000e+03	5.3683251142501831e-01
4.6974633789062500e+03	5.3639918565750122e-01
4.6979208984375000e+03	5.3595620393753052e-01
4.6983784179687500e+03	5.3550344705581665e-01
4.6988364257812500e+03	5.3504085540771484e-01
4.6992939453125000e+03	5.3456830978393555e-01
4.6997519531250000e+03	5.3409045934677124e-01
4.7002099609375000e+03	5.3359806537628174e-01
4.7006679687500000e+03	5.3309553861618042e-01
4.7011259765625000e+03	5.3258281946182251e-01
4.7015839843750000e+03	5.3205990791320801e-01
4.7020419921875000e+03	5.3152674436569214e-01
4.7025000000000000e+03	5.3098344802856445e-01
4.7029580078125000e+03	5.3042995929718018e-01
4.7034165039062500e+03	5.2986627817153931e-01
4.7038745117187500e+03	5.2929270267486572e-01
4.7043330078125000e+03	5.2870911359786987e-01
4.7047910156250000e+03	5.2811568975448608e-01
4.7052495117187500e+03	5.2751255035400391e-01
4.7057080078125000e+03	5.2689987421035767e-01
4.7061665039062500e+03	5.2627772092819214e-01
4.7066250000000000e+03	5.2564638853073120e-01
4.7070834960937500e+03	5.2500605583190918e-01
4.7075419921875000e+03	5.2435696125030518e-01
4.7080009765625000e+03	5.2369916439056396e-01
4.7084594726562500e+03	5.2303320169448853e-01
4.7089184570312500e+03	5.2235913276672363e-01
4.7093769531250000e+03	5.2167737483978271e-01
4.7098359375000000e+03	5.2098804712295532e-01
4.7102949218750000e+03	5.2029162645339966e-01
4.7107534179687500e+03	5.1958853006362915e-01
4.7112124023437500e+03	5.1887881755828857e-01
4.7116713867187500e+03	5.1816302537918091e-01
4.7121303710937500e+03	5.1744157075881958e-01
4.7125898437500000e+03	5.1671469211578369e-01
4.7130488281250000e+03	5.1598280668258667e-01
4.7135078125000000e+03	5.1524639129638672e-01
4.7139672851562500e+03	5.1450580358505249e-01
4.7144262695312500e+03	5.1376146078109741e-01
4.7148857421875000e+03	5.1301372051239014e-01
4.7153452148437500e+03	5.1226311922073364e-01
4.7158046875000000e+03	5.1150995492935181e-01
4.7162641601562500e+03	5.1075482368469238e-01
4.7167236328125000e+03	5.0999802350997925e-01
4.7171831054687500e+03	5.0923997163772583e-01
4.7176425781250000e+03	5.0848114490509033e-01
4.7181020507812500e+03	5.0772202014923096e-01
4.7185620117187500e+03	5.0696295499801636e-01
4.7190214843750000e+03	5.0620454549789429e-01
4.7194814453125000e+03	5.0544697046279907e-01
4.7199414062500000e+03	5.0469070672988892e-01
4.7204008789062500e+03	5.0393629074096680e-01
4.7208608398437500e+03	5.0318408012390137e-01
4.7213208007812500e+03	5.0243431329727173e-01
4.7217807617187500e+03	5.0168770551681519e-01
4.7222412109375000e+03	5.0094431638717651e-01
4.7227011718750000e+03	5.0020468235015869e-01
4.7231611328125000e+03	4.9946922063827515e-01
4.7236210937500000e+03	4.9873811006546021e-01
4.7240815429687500e+03	4.9801182746887207e-01
4.7245419921875000e+03	4.9729064106941223e-01
4.7250019531250000e+03	4.9657490849494934e-01
4.7254624023437500e+03	4.9586489796638489e-01
4.7259228515625000e+03	4.9516099691390991e-01
4.7263833007812500e+03	4.9446332454681396e-01
4.7268437500000000e+03	4.9377232789993286e-01
4.7273041992187500e+03	4.9308815598487854e-01
4.7277646484375000e+03	4.9241110682487488e-01
4.7282255859375000e+03	4.9174135923385620e-01
4.7286860351562500e+03	4.9107918143272400e-01
4.7291469726562500e+03	4.9042478203773499e-01
4.7296074218750000e+03	4.8977836966514587e-01
4.7300683593750000e+03	4.8914009332656860e-01
4.7305292968750000e+03	4.8851013183593750e-01
4.7309902343750000e+03	4.8788863420486450e-01
4.7314511718750000e+03	4.8727577924728394e-01
4.7319121093750000e+03	4.8667168617248535e-01
4.7323730468750000e+03	4.8607650399208069e-01
4.7328339843750000e+03	4.8549041152000427e-01
4.7332954101562500e+03	4.8491337895393372e-01
4.7337563476562500e+03	4.8434564471244812e-01
4.7342177734375000e+03	4.8378717899322510e-01
4.7346787109375000e+03	4.8323816061019897e-01
4.7351401367187500e+03	4.8269861936569214e-01
4.7356015625000000e+03	4.8216858506202698e-01
4.7360629882812500e+03	4.8164823651313782e-01
4.7365244140625000e+03	4.8113763332366943e-01
4.7369858398437500e+03	4.8063668608665466e-01
4.7374472656250000e+03	4.8014551401138306e-01
4.7379086914062500e+03	4.7966426610946655e-01
4.7383706054687500e+03	4.7919279336929321e-01
4.7388320312500000e+03	4.7873124480247498e-01
4.7392939453125000e+03	4.7827965021133423e-01
4.7397553710937500e+03	4.7783803939819336e-01
4.7402172851562500e+03	4.7740647196769714e-01
4.7406791992187500e+03	4.7698482871055603e-01
4.7411411132812500e+03	4.7657337784767151e-01
4.7416030273437500e+03	4.7617194056510925e-01
4.7420649414062500e+03	4.7578066587448120e-01
4.7425268554687500e+03	4.7539949417114258e-01
4.7429887695312500e+03	4.7502848505973816e-01
4.7434511718750000e+03	4.7466772794723511e-01
4.7439130859375000e+03	4.7431719303131104e-01
4.7443754882812500e+03	4.7397691011428833e-01
4.7448374023437500e+03	4.7364687919616699e-01
4.7452998046875000e+03	4.7332721948623657e-01
4.7457622070312500e+03	4.7301790118217468e-01
4.7462246093750000e+03	4.7271892428398132e-01
4.7466870117187500e+03	4.7243040800094604e-01
4.7471494140625000e+03	4.7215244174003601e-01
4.7476118164062500e+03	4.7188487648963928e-01
4.7480742187500000e+03	4.7162795066833496e-01
4.7485371093750000e+03	4.7138160467147827e-01
4.7489995117187500e+03	4.7114595770835876e-01
4.7494624023437500e+03	4.7092100977897644e-01
4.7499252929687500e+03	4.7070679068565369e-01
4.7503876953125000e+03	4.7050338983535767e-01
4.7508505859375000e+03	4.7031092643737793e-01
4.7513134765625000e+03	4.7012931108474731e-01
4.7517763671875000e+03	4.6995881199836731e-01
4.7522392578125000e+03	4.6979930996894836e-01
4.7527026367187500e+03	4.6965098381042480e-01
4.7531655273437500e+03	4.6951377391815186e-01
4.7536284179687500e+03	4.6938788890838623e-01
4.7540917968750000e+03	4.6926906704902649e-01
4.7545546875000000e+03	4.6916624903678894e-01
4.7550180664062500e+03	4.6907490491867065e-01
4.7554814453125000e+03	4.6899512410163879e-01
4.7559448242187500e+03	4.6892705559730530e-01
4.7564082031250000e+03	4.6887058019638062e-01
4.7568715820312500e+03	4.6882596611976624e-01
4.7573349609375000e+03	4.6879330277442932e-01
4.7577983398437500e+03	4.6877250075340271e-01
4.7582617187500000e+03	4.6876379847526550e-01
4.7587255859375000e+03	4.6876722574234009e-01
4.7591889648437500e+03	4.6878293156623840e-01
4.7596528320312500e+03	4.6881091594696045e-01
4.7601166992187500e+03	4.6885132789611816e-01
4.7605800781250000e+03	4.6890428662300110e-01
4.7610439453125000e+03	4.6896988153457642e-01
4.7615078125000000e+03	4.6904811263084412e-01
4.7619716796875000e+03	4.6913921833038330e-01
4.7624360351562500e+03	4.6924316883087158e-01
4.7628999023437500e+03	4.6936020255088806e-01
4.7633637695312500e+03	4.6949028968811035e-01
4.7638281250000000e+03	4.6963363885879517e-01
4.7642919921875000e+03	4.6979042887687683e-01
4.7647563476562500e+03	4.6996054053306580e-01
4.7652207031250000e+03	4.7014424204826355e-01
4.7656845703125000e+03	4.7034156322479248e-01
4.7661489257812500e+03	4.7055277228355408e-01
4.7666132812500000e+03	4.7077780961990356e-01
4.7670776367187500e+03	4.7101697325706482e-01
4.7675424804687500e+03	4.7127023339271545e-01
4.7680068359375000e+03	4.7153785824775696e-01
4.7684711914062500e+03	4.7181984782218933e-01
4.7689360351562500e+03	4.7211641073226929e-01
4.7694003906250000e+03	4.7242769598960876e-01
4.7698652343750000e+03	4.7275385260581970e-01
4.7703300781250000e+03	4.7309491038322449e-01
4.7707944335937500e+03	4.7345110774040222e-01
4.7712592773437500e+03	4.7382271289825439e-01
4.7717241210937500e+03	4.7420969605445862e-01
4.7721889648437500e+03	4.7461226582527161e-01
4.7726542968750000e+03	4.7503063082695007e-01
4.7731191406250000e+03	4.7546494007110596e-01
4.7735839843750000e+03	4.7591522336006165e-01
4.7740493164062500e+03	4.7638189792633057e-01
4.7745141601562500e+03	4.7686502337455750e-01
4.7749794921875000e+03	4.7736474871635437e-01
4.7754448242187500e+03	4.7788131237030029e-01
4.7759101562500000e+03	4.7841486334800720e-01
4.7763754882812500e+03	4.7896561026573181e-01
4.7768408203125000e+03	4.7953373193740845e-01
4.7773061523437500e+03	4.8011940717697144e-01
4.7777714843750000e+03	4.8072287440299988e-01
4.7782368164062500e+03	4.8134440183639526e-01
4.7787026367187500e+03	4.8198911547660828e-01
4.7791679687500000e+03	4.8264780640602112e-01
4.7796337890625000e+03	4.8332521319389343e-01
4.7800996093750000e+03	4.8402154445648193e-01
4.7805649414062500e+03	4.8473697900772095e-01
4.7810307617187500e+03	4.8547178506851196e-01
4.7814965820312500e+03	4.8622620105743408e-01
4.7819624023437500e+03	4.8700043559074402e-01
4.7824282226562500e+03	4.8779463768005371e-01
4.7828945312500000e+03	4.8860922455787659e-01
4.7833603515625000e+03	4.8944431543350220e-01
4.7838261718750000e+03	4.9030017852783203e-01
4.7842924804687500e+03	4.9117699265480042e-01
4.7847587890625000e+03	4.9207511544227600e-01
4.7852246093750000e+03	4.9299463629722595e-01
4.7856909179687500e+03	4.9393591284751892e-01
4.7861572265625000e+03	4.9489915370941162e-01
4.7866235351562500e+03	4.9588462710380554e-01
4.7870898437500000e+03	4.9689251184463501e-01
4.7875561523437500e+03	4.9792313575744629e-01
4.7880224609375000e+03	4.9897670745849609e-01
4.7884892578125000e+03	5.0005346536636353e-01
4.7889555664062500e+03	5.0115364789962769e-01
4.7894223632812500e+03	5.0227749347686768e-01
4.7898891601562500e+03	5.0342518091201782e-01
4.7903554687500000e+03	5.0459712743759155e-01
4.7908222656250000e+03	5.0579345226287842e-01
4.7912890625000000e+03	5.0701451301574707e-01
4.7917558593750000e+03	5.0826030969619751e-01
4.7922226562500000e+03	5.0953131914138794e-01
4.7926894531250000e+03	5.1082766056060791e-01
4.7931567382812500e+03	5.1214510202407837e-01
4.7936235351562500e+03	5.1349329948425293e-01
4.7940903320312500e+03	5.1486760377883911e-01
4.7945576171875000e+03	5.1626813411712646e-01
4.7950249023437500e+03	5.1769524812698364e-01
4.7954916992187500e+03	5.1914918422698975e-01
4.7959589843750000e+03	5.2063012123107910e-01
4.7964262695312500e+03	5.2213835716247559e-01
4.7968935546875000e+03	5.2367413043975830e-01
4.7973608398437500e+03	5.2523767948150635e-01
4.7978286132812500e+03	5.2682936191558838e-01
4.7982958984375000e+03	5.2844929695129395e-01
4.7987631835937500e+03	5.3009778261184692e-01
4.7992309570312500e+03	5.3177517652511597e-01
4.7996987304687500e+03	5.3348165750503540e-01
4.8001660156250000e+03	5.3521758317947388e-01
4.8006337890625000e+03	5.3698319196701050e-01
4.8011015625000000e+03	5.3877884149551392e-01
4.8015693359375000e+03	5.4060477018356323e-01
4.8020371093750000e+03	5.4246133565902710e-01
4.8025048828125000e+03	5.4434889554977417e-01
4.8029726562500000e+03	5.4626774787902832e-01
4.8034409179687500e+03	5.4821830987930298e-01
4.8039086914062500e+03	5.5020087957382202e-01
4.8043769531250000e+03	5.5221587419509888e-01
4.8048447265625000e+03	5.5426377058029175e-01
4.8053129882812500e+03	5.5634486675262451e-01
4.8057812500000000e+03	5.5845969915390015e-01
4.8062495117187500e+03	5.6060880422592163e-01
4.8067177734375000e+03	5.6279247999191284e-01
4.8071860351562500e+03	5.6501138210296631e-01
4.8076542968750000e+03	5.6726592779159546e-01
4.8081225585937500e+03	5.6955677270889282e-01
4.8085913085937500e+03	5.7188445329666138e-01
4.8090595703125000e+03	5.7424962520599365e-01
4.8095283203125000e+03	5.7665288448333740e-01
4.8099965820312500e+03	5.7909488677978516e-01
4.8104653320312500e+03	5.8157634735107422e-01
4.8109340820312500e+03	5.8409798145294189e-01
4.8114028320312500e+03	5.8666050434112549e-01
4.8118715820312500e+03	5.8926486968994141e-01
4.8123403320312500e+03	5.9191161394119263e-01
4.8128090820312500e+03	5.9460175037384033e-01
4.8132783203125000e+03	5.9733605384826660e-01
4.8137470703125000e+03	6.0011559724807739e-01
4.8142158203125000e+03	6.0294109582901001e-01
4.8146850585937500e+03	6.0581356287002563e-01
4.8151542968750000e+03	6.0873401165008545e-01
4.8156230468750000e+03	6.1170339584350586e-01
4.8160922851562500e+03	6.1472284793853760e-01
4.8165615234375000e+03	6.1779326200485229e-01
4.8170307617187500e+03	6.2091565132141113e-01
4.8175004882812500e+03	6.2409126758575439e-01
4.8179697265625000e+03	6.2732106447219849e-01
4.8184389648437500e+03	6.3060617446899414e-01
4.8189086914062500e+03	6.3394767045974731e-01
4.8193779296875000e+03	6.3734656572341919e-01
4.8198476562500000e+03	6.4080405235290527e-01
4.8203168945312500e+03	6.4432114362716675e-01
4.8207866210937500e+03	6.4789891242980957e-01
4.8212563476562500e+03	6.5153843164443970e-01
4.8217260742187500e+03	6.5524053573608398e-01
4.8221958007812500e+03	6.5900635719299316e-01
4.8226655273437500e+03	6.6283684968948364e-01
4.8231357421875000e+03	6.6673278808593750e-01
4.8236054687500000e+03	6.7069500684738159e-01
4.8240756835937500e+03	6.7472428083419800e-01
4.8245454101562500e+03	6.7882132530212402e-01
4.8250156250000000e+03	6.8298685550689697e-01
4.8254853515625000e+03	6.8722122907638550e-01
4.8259555664062500e+03	6.9152498245239258e-01
4.8264257812500000e+03	6.9589841365814209e-01
4.8268959960937500e+03	7.0034176111221313e-01
4.8273662109375000e+03	7.0485502481460571e-01
4.8278369140625000e+03	7.0943826436996460e-01
4.8283071289062500e+03	7.1409130096435547e-01
4.8287773437500000e+03	7.1881377696990967e-01
4.8292480468750000e+03	7.2360515594482422e-01
4.8297182617187500e+03	7.2846490144729614e-01
4.8301889648437500e+03	7.3339205980300903e-01
4.8306596679687500e+03	7.3838579654693604e-01
4.8311303710937500e+03	7.4344468116760254e-01
4.8316010742187500e+03	7.4856752157211304e-01
4.8320717773437500e+03	7.5375241041183472e-01
4.8325424804687500e+03	7.5899791717529297e-01
4.8330131835937500e+03	7.6430159807205200e-01
4.8334838867187500e+03	7.6966148614883423e-01
4.8339550781250000e+03	7.7507483959197998e-01
4.8344257812500000e+03	7.8053903579711914e-01
4.8348969726562500e+03	7.8605109453201294e-01
4.8353681640625000e+03	7.9160761833190918e-01
4.8358393554687500e+03	7.9720526933670044e-01
4.8363100585937500e+03	8.0284035205841064e-01
4.8367812500000000e+03	8.0850869417190552e-01
4.8372529296875000e+03	8.1420618295669556e-01
4.8377241210937500e+03	8.1992828845977783e-01
4.8381953125000000e+03	8.2567042112350464e-01
4.8386665039062500e+03	8.3142733573913574e-01
4.8391381835937500e+03	8.3719396591186523e-01
4.8396093750000000e+03	8.4296488761901855e-01
4.8400810546875000e+03	8.4873437881469727e-01
4.8405527343750000e+03	8.5449659824371338e-01
4.8410244140625000e+03	8.6024528741836548e-01
4.8414960937500000e+03	8.6597424745559692e-01
4.8419677734375000e+03	8.7167698144912720e-01
4.8424394531250000e+03	8.7734675407409668e-01
4.8429111328125000e+03	8.8297683000564575e-01
4.8433828125000000e+03	8.8855999708175659e-01
4.8438549804687500e+03	8.9408922195434570e-01
4.8443266601562500e+03	8.9955729246139526e-01
4.8447988281250000e+03	9.0495681762695312e-01
4.8452709960937500e+03	9.1028040647506714e-01
4.8457426757812500e+03	9.1552042961120605e-01
4.8462148437500000e+03	9.2066931724548340e-01
4.8466870117187500e+03	9.2571967840194702e-01
4.8471591796875000e+03	9.3066364526748657e-01
4.8476313476562500e+03	9.3549376726150513e-01
4.8481040039062500e+03	9.4020271301269531e-01
4.8485761718750000e+03	9.4478261470794678e-01
4.8490483398437500e+03	9.4922631978988647e-01
4.8495209960937500e+03	9.5352649688720703e-01
4.8499936523437500e+03	9.5767587423324585e-01
4.8504658203125000e+03	9.6166759729385376e-01
4.8509384765625000e+03	9.6549457311630249e-01
4.8514111328125000e+03	9.6915036439895630e-01
4.8518837890625000e+03	9.7262847423553467e-01
4.8523564453125000e+03	9.7592264413833618e-01
4.8528291015625000e+03	9.7902703285217285e-01
4.8533022460937500e+03	9.8193585872650146e-01
4.8537749023437500e+03	9.8464381694793701e-01
4.8542480468750000e+03	9.8714578151702881e-01
4.8547207031250000e+03	9.8943722248077393e-01
4.8551938476562500e+03	9.9151366949081421e-01
4.8556669921875000e+03	9.9337112903594971e-01
4.8561396484375000e+03	9.9500596523284912e-01
4.8566127929687500e+03	9.9641495943069458e-01
4.8570859375000000e+03	9.9759542942047119e-01
4.8575595703125000e+03	9.9854487180709839e-01
4.8580327148437500e+03	9.9926126003265381e-01
4.8585058593750000e+03	9.9974322319030762e-01
4.8589794921875000e+03	9.9998974800109863e-01
4.8594526367187500e+03	1.0000000000000000e+00
4.8599262695312500e+03	9.9977385997772217e-01
4.8603994140625000e+03	9.9931162595748901e-01
4.8608730468750000e+03	9.9861401319503784e-01
4.8613466796875000e+03	9.9768227338790894e-01
4.8618203125000000e+03	9.9651789665222168e-01
4.8622939453125000e+03	9.9512296915054321e-01
4.8627675781250000e+03	9.9349999427795410e-01
4.8632416992187500e+03	9.9165183305740356e-01
4.8637153320312500e+03	9.8958194255828857e-01
4.8641894531250000e+03	9.8729401826858521e-01
4.8646630859375000e+03	9.8479211330413818e-01
4.8651372070312500e+03	9.8208099603652954e-01
4.8656113281250000e+03	9.7916531562805176e-01
4.8660849609375000e+03	9.7605025768280029e-01
4.8665590820312500e+03	9.7274154424667358e-01
4.8670332031250000e+03	9.6924501657485962e-01
4.8675073242187500e+03	9.6556687355041504e-01
4.8679819335937500e+03	9.6171355247497559e-01
4.8684560546875000e+03	9.5769166946411133e-01
4.8689301757812500e+03	9.5350831747055054e-01
4.8694047851562500e+03	9.4917058944702148e-01
4.8698793945312500e+03	9.4468569755554199e-01
4.8703535156250000e+03	9.4006133079528809e-01
4.8708281250000000e+03	9.3530505895614624e-01
4.8713027343750000e+03	9.3042469024658203e-01
4.8717773437500000e+03	9.2542827129364014e-01
4.8722519531250000e+03	9.2032331228256226e-01
4.8727265625000000e+03	9.1511809825897217e-01
4.8732011718750000e+03	9.0982055664062500e-01
4.8736762695312500e+03	9.0443885326385498e-01
4.8741508789062500e+03	8.9898097515106201e-01
4.8746259765625000e+03	8.9345479011535645e-01
4.8751005859375000e+03	8.8786828517913818e-01
4.8755756835937500e+03	8.8222944736480713e-01
4.8760507812500000e+03	8.7654572725296021e-01
4.8765258789062500e+03	8.7082517147064209e-01
4.8770009765625000e+03	8.6507493257522583e-01
4.8774760742187500e+03	8.5930269956588745e-01
4.8779511718750000e+03	8.5351538658142090e-01
4.8784267578125000e+03	8.4772014617919922e-01
4.8789018554687500e+03	8.4192377328872681e-01
4.8793769531250000e+03	8.3613300323486328e-01
4.8798525390625000e+03	8.3035421371459961e-01
4.8803281250000000e+03	8.2459354400634766e-01
4.8808037109375000e+03	8.1885695457458496e-01
4.8812788085937500e+03	8.1315022706985474e-01
4.8817543945312500e+03	8.0747884511947632e-01
4.8822299804687500e+03	8.0184787511825562e-01
4.8827060546875000e+03	7.9626244306564331e-01
4.8831816406250000e+03	7.9072713851928711e-01
4.8836572265625000e+03	7.8524643182754517e-01
4.8841333007812500e+03	7.7982449531555176e-01
4.8846088867187500e+03	7.7446514368057251e-01
4.8850849609375000e+03	7.6917207241058350e-01
4.8855610351562500e+03	7.6394879817962646e-01
4.8860366210937500e+03	7.5879812240600586e-01
4.8865126953125000e+03	7.5372308492660522e-01
4.8869887695312500e+03	7.4872618913650513e-01
4.8874648437500000e+03	7.4380981922149658e-01
4.8879414062500000e+03	7.3897600173950195e-01
4.8884174804687500e+03	7.3422664403915405e-01
4.8888935546875000e+03	7.2956341505050659e-01
4.8893701171875000e+03	7.2498756647109985e-01
4.8898461914062500e+03	7.2050034999847412e-01
4.8903227539062500e+03	7.1610271930694580e-01
4.8907993164062500e+03	7.1179544925689697e-01
4.8912758789062500e+03	7.0757895708084106e-01
4.8917524414062500e+03	7.0345389842987061e-01
4.8922290039062500e+03	6.9942015409469604e-01
4.8927055664062500e+03	6.9547802209854126e-01
4.8931821289062500e+03	6.9162726402282715e-01
4.8936591796875000e+03	6.8786746263504028e-01
4.8941357421875000e+03	6.8419831991195679e-01
4.8946123046875000e+03	6.8061935901641846e-01
4.8950893554687500e+03	6.7712974548339844e-01
4.8955664062500000e+03	6.7372876405715942e-01
4.8960434570312500e+03	6.7041558027267456e-01
4.8965205078125000e+03	6.6718900203704834e-01
4.8969975585937500e+03	6.6404819488525391e-01
4.8974746093750000e+03	6.6099166870117188e-01
4.8979516601562500e+03	6.5801852941513062e-01
4.8984287109375000e+03	6.5512716770172119e-01
4.8989062500000000e+03	6.5231639146804810e-01
4.8993833007812500e+03	6.4958471059799194e-01
4.8998608398437500e+03	6.4693075418472290e-01
4.9003378906250000e+03	6.4435285329818726e-01
4.9008154296875000e+03	6.4184951782226562e-01
4.9012929687500000e+03	6.3941919803619385e-01
4.9017705078125000e+03	6.3706034421920776e-01
4.9022480468750000e+03	6.3477128744125366e-01
4.9027255859375000e+03	6.3255035877227783e-01
4.9032031250000000e+03	6.3039594888687134e-01
4.9036811523437500e+03	6.2830638885498047e-01
4.9041586914062500e+03	6.2628006935119629e-01
4.9046367187500000e+03	6.2431520223617554e-01
4.9051142578125000e+03	6.2241029739379883e-01
4.9055922851562500e+03	6.2056362628936768e-01
4.9060703125000000e+03	6.1877357959747314e-01
4.9065483398437500e+03	6.1703848838806152e-01
4.9070263671875000e+03	6.1535668373107910e-01
4.9075043945312500e+03	6.1372661590576172e-01
4.9079824218750000e+03	6.1214667558670044e-01
4.9084604492187500e+03	6.1061525344848633e-01
4.9089389648437500e+03	6.0913068056106567e-01
4.9094169921875000e+03	6.0769164562225342e-01
4.9098955078125000e+03	6.0629636049270630e-01
4.9103740234375000e+03	6.0494339466094971e-01
4.9108520507812500e+03	6.0363125801086426e-01
4.9113305664062500e+03	6.0235852003097534e-01
4.9118090820312500e+03	6.0112357139587402e-01
4.9122875976562500e+03	5.9992498159408569e-01
4.9127661132812500e+03	5.9876143932342529e-01
4.9132451171875000e+03	5.9763133525848389e-01
4.9137236328125000e+03	5.9653347730636597e-01
4.9142026367187500e+03	5.9546637535095215e-01
4.9146811523437500e+03	5.9442871809005737e-01
4.9151601562500000e+03	5.9341913461685181e-01
4.9156386718750000e+03	5.9243625402450562e-01
4.9161176757812500e+03	5.9147888422012329e-01
4.9165966796875000e+03	5.9054571390151978e-01
4.9170756835937500e+03	5.8963549137115479e-01
4.9175546875000000e+03	5.8874684572219849e-01
4.9180341796875000e+03	5.8787870407104492e-01
4.9185131835937500e+03	5.8702993392944336e-01
4.9189921875000000e+03	5.8619922399520874e-01
4.9194716796875000e+03	5.8538550138473511e-01
4.9199506835937500e+03	5.8458763360977173e-01
4.9204301757812500e+03	5.8380454778671265e-01
4.9209096679687500e+03	5.8303505182266235e-01
4.9213891601562500e+03	5.8227825164794922e-01
4.9218686523437500e+03	5.8153307437896729e-01
4.9223481445312500e+03	5.8079850673675537e-01
4.9228276367187500e+03	5.8007359504699707e-01
4.9233071289062500e+03	5.7935750484466553e-01
4.9237866210937500e+03	5.7864916324615479e-01
4.9242666015625000e+03	5.7794779539108276e-01
4.9247460937500000e+03	5.7725250720977783e-01
4.9252260742187500e+03	5.7656264305114746e-01
4.9257060546875000e+03	5.7587736845016479e-01
4.9261860351562500e+03	5.7519584894180298e-01
4.9266660156250000e+03	5.7451748847961426e-01
4.9271459960937500e+03	5.7384157180786133e-01
4.9276259765625000e+03	5.7316744327545166e-01
4.9281059570312500e+03	5.7249468564987183e-01
4.9285859375000000e+03	5.7182258367538452e-01
4.9290664062500000e+03	5.7115066051483154e-01
4.9295463867187500e+03	5.7047843933105469e-01
4.9300268554687500e+03	5.6980550289154053e-01
4.9305073242187500e+03	5.6913143396377563e-01
4.9309873046875000e+03	5.6845599412918091e-01
4.9314677734375000e+03	5.6777870655059814e-01
4.9319482421875000e+03	5.6709945201873779e-01
4.9324287109375000e+03	5.6641781330108643e-01
4.9329091796875000e+03	5.6573373079299927e-01
4.9333901367187500e+03	5.6504702568054199e-01
4.9338706054687500e+03	5.6435751914978027e-01
4.9343515625000000e+03	5.6366521120071411e-01
4.9348320312500000e+03	5.6296998262405396e-01
4.9353129882812500e+03	5.6227183341979980e-01
4.9357939453125000e+03	5.6157076358795166e-01
4.9362744140625000e+03	5.6086695194244385e-01
4.9367553710937500e+03	5.6016027927398682e-01
4.9372363281250000e+03	5.5945104360580444e-01
4.9377177734375000e+03	5.5873930454254150e-01
4.9381987304687500e+03	5.5802524089813232e-01
4.9386796875000000e+03	5.5730903148651123e-01
4.9391606445312500e+03	5.5659097433090210e-01
4.9396420898437500e+03	5.5587124824523926e-01
4.9401235351562500e+03	5.5515015125274658e-01
4.9406044921875000e+03	5.5442798137664795e-01
4.9410859375000000e+03	5.5370497703552246e-01
4.9415673828125000e+03	5.5298149585723877e-01
4.9420488281250000e+03	5.5225795507431030e-01
4.9425302734375000e+03	5.5153018236160278e-01
4.9430117187500000e+03	5.5080801248550415e-01
4.9434936523437500e+03	5.5008667707443237e-01
4.9439750976562500e+03	5.4936665296554565e-01
4.9444565429687500e+03	5.4864817857742310e-01
4.9449384765625000e+03	5.4793190956115723e-01
4.9454204101562500e+03	5.4721808433532715e-01
4.9459023437500000e+03	5.4650706052780151e-01
4.9463837890625000e+03	5.4579931497573853e-01
4.9468657226562500e+03	5.4509520530700684e-01
4.9473476562500000e+03	5.4439508914947510e-01
4.9478300781250000e+03	5.4369944334030151e-01
4.9483120117187500e+03	5.4300850629806519e-01
4.9487939453125000e+03	5.4232269525527954e-01
4.9492763671875000e+03	5.4164236783981323e-01
4.9497583007812500e+03	5.4096794128417969e-01
4.9502407226562500e+03	5.4029965400695801e-01
4.9507226562500000e+03	5.3963792324066162e-01
4.9512050781250000e+03	5.3898298740386963e-01
4.9516875000000000e+03	5.3833514451980591e-01
4.9521699218750000e+03	5.3769475221633911e-01
4.9526523437500000e+03	5.3706204891204834e-01
4.9531352539062500e+03	5.3643721342086792e-01
4.9536176757812500e+03	5.3582060337066650e-01
4.9541000976562500e+03	5.3521245718002319e-01
4.9545830078125000e+03	5.3461289405822754e-01
4.9550654296875000e+03	5.3402209281921387e-01
4.9555483398437500e+03	5.3344035148620605e-01
4.9560312500000000e+03	5.3286767005920410e-01
4.9565141601562500e+03	5.3230440616607666e-01
4.9569970703125000e+03	5.3175061941146851e-01
4.9574799804687500e+03	5.3120630979537964e-01
4.9579628906250000e+03	5.3067171573638916e-01
4.9584458007812500e+03	5.3014695644378662e-01
4.9589291992187500e+03	5.2963197231292725e-01
4.9594121093750000e+03	5.2912694215774536e-01
4.9598955078125000e+03	5.2863186597824097e-01
4.9603784179687500e+03	5.2814680337905884e-01
4.9608618164062500e+03	5.2767181396484375e-01
4.9613452148437500e+03	5.2720689773559570e-01
4.9618286132812500e+03	5.2675199508666992e-01
4.9623120117187500e+03	5.2630716562271118e-01
4.9627954101562500e+03	5.2587246894836426e-01
4.9632788085937500e+03	5.2544772624969482e-01
4.9637626953125000e+03	5.2503305673599243e-01
4.9642460937500000e+03	5.2462834119796753e-01
4.9647299804687500e+03	5.2423352003097534e-01
4.9652133789062500e+03	5.2384859323501587e-01
4.9656972656250000e+03	5.2347350120544434e-01
4.9661811523437500e+03	5.2310812473297119e-01
4.9666650390625000e+03	5.2275246381759644e-01
4.9671489257812500e+03	5.2240639925003052e-01
4.9676328125000000e+03	5.2206987142562866e-01
4.9681166992187500e+03	5.2174276113510132e-01
4.9686005859375000e+03	5.2142512798309326e-01
4.9690849609375000e+03	5.2111667394638062e-01
4.9695688476562500e+03	5.2081745862960815e-01
4.9700532226562500e+03	5.2052730321884155e-01
4.9705371093750000e+03	5.2024620771408081e-01
4.9710214843750000e+03	5.1997399330139160e-01
4.9715058593750000e+03	5.1971054077148438e-01
4.9719902343750000e+03	5.1945579051971436e-01
4.9724746093750000e+03	5.1920968294143677e-01
4.9729589843750000e+03	5.1897215843200684e-01
4.9734438476562500e+03	5.1874297857284546e-01
4.9739282226562500e+03	5.1852202415466309e-01
4.9744125976562500e+03	5.1830929517745972e-01
4.9748974609375000e+03	5.1810467243194580e-01
4.9753823242187500e+03	5.1790809631347656e-01
4.9758666992187500e+03	5.1771926879882812e-01
4.9763515625000000e+03	5.1753830909729004e-01
4.9768364257812500e+03	5.1736497879028320e-01
4.9773212890625000e+03	5.1719921827316284e-01
4.9778061523437500e+03	5.1704084873199463e-01
4.9782915039062500e+03	5.1688987016677856e-01
4.9787763671875000e+03	5.1674616336822510e-01
4.9792612304687500e+03	5.1660954952239990e-01
4.9797465820312500e+03	5.1647990942001343e-01
4.9802314453125000e+03	5.1635718345642090e-01
4.9807167968750000e+03	5.1624131202697754e-01
4.9812021484375000e+03	5.1613211631774902e-01
4.9816875000000000e+03	5.1602941751480103e-01
4.9821728515625000e+03	5.1593327522277832e-01
4.9826582031250000e+03	5.1584345102310181e-01
4.9831435546875000e+03	5.1575988531112671e-01
4.9836289062500000e+03	5.1568245887756348e-01
4.9841147460937500e+03	5.1561105251312256e-01
4.9846000976562500e+03	5.1554548740386963e-01
4.9850859375000000e+03	5.1548576354980469e-01
4.9855717773437500e+03	5.1543164253234863e-01
4.9860571289062500e+03	5.1538312435150146e-01
4.9865429687500000e+03	5.1534003019332886e-01
4.9870288085937500e+03	5.1530224084854126e-01
4.9875146484375000e+03	5.1526963710784912e-01
4.9880004882812500e+03	5.1524221897125244e-01
4.9884868164062500e+03	5.1521962881088257e-01
4.9889726562500000e+03	5.1520192623138428e-01
4.9894589843750000e+03	5.1518887281417847e-01
4.9899448242187500e+03	5.1518040895462036e-01
4.9904311523437500e+03	5.1517647504806519e-01
4.9909174804687500e+03	5.1517671346664429e-01
4.9914033203125000e+03	5.1518124341964722e-01
4.9918896484375000e+03	5.1518976688385010e-01
4.9923759765625000e+03	5.1520216464996338e-01
4.9928627929687500e+03	5.1521837711334229e-01
4.9933491210937500e+03	5.1523816585540771e-01
4.9938354492187500e+03	5.1526147127151489e-01
4.9943222656250000e+03	5.1528805494308472e-01
4.9948085937500000e+03	5.1531785726547241e-01
4.9952954101562500e+03	5.1535058021545410e-01
4.9957817382812500e+03	5.1538622379302979e-01
4.9962685546875000e+03	5.1542448997497559e-01
4.9967553710937500e+03	5.1546525955200195e-01
4.9972421875000000e+03	5.1550835371017456e-01
4.9977290039062500e+03	5.1555353403091431e-01
4.9982158203125000e+03	5.1560080051422119e-01
4.9987031250000000e+03	5.1564967632293701e-01
4.9991899414062500e+03	5.1570016145706177e-01
4.9996772460937500e+03	5.1575189828872681e-01
5.0001640625000000e+03	5.1580482721328735e-01
5.0006513671875000e+03	5.1585859060287476e-01
5.0011386718750000e+03	5.1591300964355469e-01
5.0016259765625000e+03	5.1596784591674805e-01
5.0021132812500000e+03	5.1602280139923096e-01
5.0026005859375000e+03	5.1607763767242432e-01
5.0030878906250000e+03	5.1613211631774902e-01
5.0035751953125000e+03	5.1618587970733643e-01
5.0040629882812500e+03	5.1623868942260742e-01
5.0045502929687500e+03	5.1629018783569336e-01
5.0050380859375000e+03	5.1634019613265991e-01
5.0055253906250000e+03	5.1638823747634888e-01
5.0060131835937500e+03	5.1643407344818115e-01
5.0065009765625000e+03	5.1647734642028809e-01
5.0069887695312500e+03	5.1651769876480103e-01
5.0074765625000000e+03	5.1655477285385132e-01
5.0079643554687500e+03	5.1658803224563599e-01
5.0084521484375000e+03	5.1661747694015503e-01
5.0089404296875000e+03	5.1664239168167114e-01
5.0094282226562500e+03	5.1666253805160522e-01
5.0099165039062500e+03	5.1667743921279907e-01
5.0104042968750000e+03	5.1668667793273926e-01
5.0108925781250000e+03	5.1668989658355713e-01
5.0113808593750000e+03	5.1668661832809448e-01
5.0118691406250000e+03	5.1667642593383789e-01
5.0123574218750000e+03	5.1665896177291870e-01
5.0128457031250000e+03	5.1663368940353394e-01
5.0133339843750000e+03	5.1660031080245972e-01
5.0138222656250000e+03	5.1655822992324829e-01
5.0143110351562500e+03	5.1650273799896240e-01
5.0147993164062500e+03	5.1644241809844971e-01
5.0152880859375000e+03	5.1637214422225952e-01
5.0157768554687500e+03	5.1629149913787842e-01
5.0162651367187500e+03	5.1620000600814819e-01
5.0167539062500000e+03	5.1609742641448975e-01
5.0172426757812500e+03	5.1598322391510010e-01
5.0177314453125000e+03	5.1585698127746582e-01
5.0182207031250000e+03	5.1571846008300781e-01
5.0187094726562500e+03	5.1556712388992310e-01
5.0191982421875000e+03	5.1540273427963257e-01
5.0196875000000000e+03	5.1522493362426758e-01
5.0201762695312500e+03	5.1503336429595947e-01
5.0206655273437500e+03	5.1482772827148438e-01
5.0211547851562500e+03	5.1460772752761841e-01
5.0216440429687500e+03	5.1437318325042725e-01
5.0221333007812500e+03	5.1412379741668701e-01
5.0226225585937500e+03	5.1385933160781860e-01
5.0231118164062500e+03	5.1357960700988770e-01
5.0236010742187500e+03	5.1328450441360474e-01
5.0240908203125000e+03	5.1297378540039062e-01
5.0245800781250000e+03	5.1264739036560059e-01
5.0250698242187500e+03	5.1230531930923462e-01
5.0255590820312500e+03	5.1194739341735840e-01
5.0260488281250000e+03	5.1157361268997192e-01
5.0265385742187500e+03	5.1118403673171997e-01
5.0270283203125000e+03	5.1077860593795776e-01
5.0275180664062500e+03	5.1035743951797485e-01
5.0280078125000000e+03	5.0992059707641602e-01
5.0284975585937500e+03	5.0946825742721558e-01
5.0289877929687500e+03	5.0900053977966309e-01
5.0294775390625000e+03	5.0851762294769287e-01
5.0299677734375000e+03	5.0801980495452881e-01
5.0304575195312500e+03	5.0750708580017090e-01
5.0309477539062500e+03	5.0698006153106689e-01
5.0314379882812500e+03	5.0643885135650635e-01
5.0319282226562500e+03	5.0588375329971313e-01
5.0324184570312500e+03	5.0531518459320068e-01
5.0329086914062500e+03	5.0473350286483765e-01
5.0333989257812500e+03	5.0413912534713745e-01
5.0338896484375000e+03	5.0353258848190308e-01
5.0343798828125000e+03	5.0291407108306885e-01
5.0348706054687500e+03	5.0228428840637207e-01
5.0353608398437500e+03	5.0164359807968140e-01
5.0358515625000000e+03	5.0099259614944458e-01
5.0363422851562500e+03	5.0033175945281982e-01
5.0368330078125000e+03	4.9966162443161011e-01
5.0373237304687500e+03	4.9898269772529602e-01
5.0378144531250000e+03	4.9829560518264771e-01
5.0383051757812500e+03	4.9760091304779053e-01
5.0387958984375000e+03	4.9689918756484985e-01
5.0392871093750000e+03	4.9619099497795105e-01
5.0397778320312500e+03	4.9547702074050903e-01
5.0402690429687500e+03	4.9475771188735962e-01
5.0407597656250000e+03	4.9403375387191772e-01
5.0412509765625000e+03	4.9330571293830872e-01
5.0417421875000000e+03	4.9257421493530273e-01
5.0422333984375000e+03	4.9183982610702515e-01
5.0427246093750000e+03	4.9110320210456848e-01
5.0432158203125000e+03	4.9036478996276855e-01
5.0437075195312500e+03	4.8962527513504028e-01
5.0441987304687500e+03	4.8888513445854187e-01
5.0446899414062500e+03	4.8814502358436584e-01
5.0451816406250000e+03	4.8740538954734802e-01
5.0456733398437500e+03	4.8666676878929138e-01
5.0461645507812500e+03	4.8592981696128845e-01
5.0466562500000000e+03	4.8519480228424072e-01
5.0471479492187500e+03	4.8446238040924072e-01
5.0476396484375000e+03	4.8373296856880188e-01
5.0481318359375000e+03	4.8300698399543762e-01
5.0486235351562500e+03	4.8228490352630615e-01
5.0491152343750000e+03	4.8156714439392090e-01
5.0496074218750000e+03	4.8085412383079529e-01
5.0500991210937500e+03	4.8014611005783081e-01
5.0505913085937500e+03	4.7944349050521851e-01
5.0510834960937500e+03	4.7874671220779419e-01
5.0515751953125000e+03	4.7805595397949219e-01
5.0520673828125000e+03	4.7737151384353638e-01
5.0525595703125000e+03	4.7669380903244019e-01
5.0530522460937500e+03	4.7602286934852600e-01
5.0535444335937500e+03	4.7535914182662964e-01
5.0540366210937500e+03	4.7470274567604065e-01
5.0545292968750000e+03	4.7405380010604858e-01
5.0550214843750000e+03	4.7341260313987732e-01
5.0555141601562500e+03	4.7277918457984924e-01
5.0560068359375000e+03	4.7215372323989868e-01
5.0564990234375000e+03	4.7153636813163757e-01
5.0569916992187500e+03	4.7092717885971069e-01
5.0574843750000000e+03	4.7032618522644043e-01
5.0579770507812500e+03	4.6973350644111633e-01
5.0584702148437500e+03	4.6914929151535034e-01
5.0589628906250000e+03	4.6857327222824097e-01
5.0594555664062500e+03	4.6800574660301208e-01
5.0599487304687500e+03	4.6744656562805176e-01
5.0604418945312500e+03	4.6689572930335999e-01
5.0609345703125000e+03	4.6635320782661438e-01
5.0614277343750000e+03	4.6581897139549255e-01
5.0619208984375000e+03	4.6529296040534973e-01
5.0624140625000000e+03	4.6477508544921875e-01
5.0629072265625000e+03	4.6426537632942200e-01
5.0634003906250000e+03	4.6376356482505798e-01
5.0638940429687500e+03	4.6326968073844910e-01
5.0643872070312500e+03	4.6278354525566101e-01
5.0648808593750000e+03	4.6230515837669373e-01
5.0653740234375000e+03	4.6183428168296814e-01
5.0658676757812500e+03	4.6137085556983948e-01
5.0663613281250000e+03	4.6091482043266296e-01
5.0668549804687500e+03	4.6046581864356995e-01
5.0673486328125000e+03	4.6002399921417236e-01
5.0678422851562500e+03	4.5958900451660156e-01
5.0683359375000000e+03	4.5916080474853516e-01
5.0688295898437500e+03	4.5873922109603882e-01
5.0693237304687500e+03	4.5832416415214539e-01
5.0698173828125000e+03	4.5791536569595337e-01
5.0703115234375000e+03	4.5751285552978516e-01
5.0708051757812500e+03	4.5711630582809448e-01
5.0712993164062500e+03	4.5672571659088135e-01
5.0717934570312500e+03	4.5634084939956665e-01
5.0722875976562500e+03	4.5596161484718323e-01
5.0727817382812500e+03	4.5558792352676392e-01
5.0732758789062500e+03	4.5521959662437439e-01
5.0737705078125000e+03	4.5485645532608032e-01
5.0742646484375000e+03	4.5449844002723694e-01
5.0747587890625000e+03	4.5414543151855469e-01
5.0752534179687500e+03	4.5379725098609924e-01
5.0757480468750000e+03	4.5345392823219299e-01
5.0762421875000000e+03	4.5311516523361206e-01
5.0767368164062500e+03	4.5278099179267883e-01
5.0772314453125000e+03	4.5245125889778137e-01
5.0777260742187500e+03	4.5212599635124207e-01
5.0782211914062500e+03	4.5180487632751465e-01
5.0787158203125000e+03	4.5148801803588867e-01
5.0792104492187500e+03	4.5117524266242981e-01
5.0797055664062500e+03	4.5086655020713806e-01
5.0802001953125000e+03	4.5056182146072388e-01
5.0806953125000000e+03	4.5026102662086487e-01
5.0811904296875000e+03	4.4996413588523865e-01
5.0816855468750000e+03	4.4967108964920044e-01
5.0821801757812500e+03	4.4938179850578308e-01
5.0826757812500000e+03	4.4909629225730896e-01
5.0831708984375000e+03	4.4881451129913330e-01
5.0836660156250000e+03	4.4853636622428894e-01
5.0841611328125000e+03	4.4826191663742065e-01
5.0846567382812500e+03	4.4799110293388367e-01
5.0851518554687500e+03	4.4772392511367798e-01
5.0856474609375000e+03	4.4746038317680359e-01
5.0861430664062500e+03	4.4720044732093811e-01
5.0866386718750000e+03	4.4694411754608154e-01
5.0871337890625000e+03	4.4669142365455627e-01
5.0876298828125000e+03	4.4644230604171753e-01
5.0881254882812500e+03	4.4619685411453247e-01
5.0886210937500000e+03	4.4595500826835632e-01
5.0891166992187500e+03	4.4571682810783386e-01
5.0896127929687500e+03	4.4548225402832031e-01
5.0901083984375000e+03	4.4525134563446045e-01
5.0906044921875000e+03	4.4502407312393188e-01
5.0911005859375000e+03	4.4480052590370178e-01
5.0915961914062500e+03	4.4458064436912537e-01
5.0920922851562500e+03	4.4436448812484741e-01
5.0925883789062500e+03	4.4415208697319031e-01
5.0930849609375000e+03	4.4394341111183167e-01
5.0935810546875000e+03	4.4373849034309387e-01
5.0940771484375000e+03	4.4353735446929932e-01
5.0945737304687500e+03	4.4333997368812561e-01
5.0950698242187500e+03	4.4314640760421753e-01
5.0955664062500000e+03	4.4295665621757507e-01
5.0960625000000000e+03	4.4277074933052063e-01
5.0965590820312500e+03	4.4258856773376465e-01
5.0970556640625000e+03	4.4241032004356384e-01
5.0975522460937500e+03	4.4223588705062866e-01
5.0980488281250000e+03	4.4206526875495911e-01
5.0985458984375000e+03	4.4189852476119995e-01
5.0990424804687500e+03	4.4173556566238403e-01
5.0995390625000000e+03	4.4157645106315613e-01
5.1000361328125000e+03	4.4142112135887146e-01
5.1005327148437500e+03	4.4126969575881958e-01
5.1010297851562500e+03	4.4112199544906616e-01
5.1015268554687500e+03	4.4097816944122314e-01
5.1020239257812500e+03	4.4083806872367859e-01
5.1025209960937500e+03	4.4070178270339966e-01
5.1030180664062500e+03	4.4056922197341919e-01
5.1035151367187500e+03	4.4044041633605957e-01
5.1040126953125000e+03	4.4031530618667603e-01
5.1045097656250000e+03	4.4019383192062378e-01
5.1050073242187500e+03	4.4007608294487000e-01
5.1055043945312500e+03	4.3996194005012512e-01
5.1060019531250000e+03	4.3985140323638916e-01
5.1064995117187500e+03	4.3974441289901733e-01
5.1069970703125000e+03	4.3964099884033203e-01
5.1074946289062500e+03	4.3954113125801086e-01
5.1079921875000000e+03	4.3944478034973145e-01
5.1084897460937500e+03	4.3935182690620422e-01
5.1089873046875000e+03	4.3926230072975159e-01
5.1094853515625000e+03	4.3917614221572876e-01
5.1099829101562500e+03	4.3909341096878052e-01
5.1104809570312500e+03	4.3901398777961731e-01
5.1109785156250000e+03	4.3893784284591675e-01
5.1114765625000000e+03	4.3886497616767883e-01
5.1119746093750000e+03	4.3879535794258118e-01
5.1124726562500000e+03	4.3872892856597900e-01
5.1129707031250000e+03	4.3866565823554993e-01
5.1134687500000000e+03	4.3860557675361633e-01
5.1139672851562500e+03	4.3854859471321106e-01
5.1144653320312500e+03	4.3849477171897888e-01
5.1149638671875000e+03	4.3844395875930786e-01
5.1154619140625000e+03	4.3839624524116516e-01
5.1159604492187500e+03	4.3835157155990601e-01
5.1164589843750000e+03	4.3830993771553040e-01
5.1169575195312500e+03	4.3827131390571594e-01
5.1174560546875000e+03	4.3823572993278503e-01
5.1179545898437500e+03	4.3820309638977051e-01
5.1184531250000000e+03	4.3817344307899475e-01
5.1189516601562500e+03	4.3814677000045776e-01
5.1194506835937500e+03	4.3812310695648193e-01
5.1199492187500000e+03	4.3810239434242249e-01
5.1204482421875000e+03	4.3808469176292419e-01
5.1209467773437500e+03	4.3807002902030945e-01
5.1214458007812500e+03	4.3805834650993347e-01
5.1219448242187500e+03	4.3804973363876343e-01
5.1224438476562500e+03	4.3804413080215454e-01
5.1229428710937500e+03	4.3804162740707397e-01
5.1234418945312500e+03	4.3804228305816650e-01
5.1239414062500000e+03	4.3804600834846497e-01
5.1244404296875000e+03	4.3805295228958130e-01
5.1249394531250000e+03	4.3806305527687073e-01
5.1254389648437500e+03	4.3807646632194519e-01
5.1259384765625000e+03	4.3809318542480469e-01
5.1264379882812500e+03	4.3811318278312683e-01
5.1269370117187500e+03	4.3813666701316833e-01
5.1274365234375000e+03	4.3816354870796204e-01
5.1279365234375000e+03	4.3819400668144226e-01
5.1284360351562500e+03	4.3822804093360901e-01
5.1289355468750000e+03	4.3826574087142944e-01
5.1294350585937500e+03	4.3830716609954834e-01
5.1299350585937500e+03	4.3835240602493286e-01
5.1304345703125000e+03	4.3840149044990540e-01
5.1309345703125000e+03	4.3845459818840027e-01
5.1314345703125000e+03	4.3851175904273987e-01
5.1319345703125000e+03	4.3857303261756897e-01
5.1324345703125000e+03	4.3863850831985474e-01
5.1329345703125000e+03	4.3870836496353149e-01
5.1334345703125000e+03	4.3878254294395447e-01
5.1339345703125000e+03	4.3886128067970276e-01
5.1344350585937500e+03	4.3894463777542114e-01
5.1349350585937500e+03	4.3903267383575439e-01
5.1354355468750000e+03	4.3912547826766968e-01
5.1359355468750000e+03	4.3922317028045654e-01
5.1364360351562500e+03	4.3932580947875977e-01
5.1369365234375000e+03	4.3943360447883606e-01
5.1374370117187500e+03	4.3954649567604065e-01
5.1379375000000000e+03	4.3966469168663025e-01
5.1384379882812500e+03	4.3978819251060486e-01
5.1389389648437500e+03	4.3991714715957642e-01
5.1394394531250000e+03	4.4005161523818970e-01
5.1399404296875000e+03	4.4019162654876709e-01
5.1404409179687500e+03	4.4033730030059814e-01
5.1409418945312500e+03	4.4048872590065002e-01
5.1414428710937500e+03	4.4064590334892273e-01
5.1419433593750000e+03	4.4080895185470581e-01
5.1424443359375000e+03	4.4097784161567688e-01
5.1429458007812500e+03	4.4115269184112549e-01
5.1434467773437500e+03	4.4133350253105164e-01
5.1439477539062500e+03	4.4152024388313293e-01
5.1444487304687500e+03	4.4171303510665894e-01
5.1449501953125000e+03	4.4191178679466248e-01
5.1454511718750000e+03	4.4211643934249878e-01
5.1459526367187500e+03	4.4232708215713501e-01
5.1464541015625000e+03	4.4254365563392639e-01
5.1469555664062500e+03	4.4276604056358337e-01
5.1474570312500000e+03	4.4299426674842834e-01
5.1479584960937500e+03	4.4322818517684937e-01
5.1484599609375000e+03	4.4346776604652405e-01
5.1489614257812500e+03	4.4371289014816284e-01
5.1494633789062500e+03	4.4396343827247620e-01
5.1499648437500000e+03	4.4421926140785217e-01
5.1504667968750000e+03	4.4448012113571167e-01
5.1509682617187500e+03	4.4474601745605469e-01
5.1514702148437500e+03	4.4501668214797974e-01
5.1519721679687500e+03	4.4529193639755249e-01
5.1524741210937500e+03	4.4557154178619385e-01
5.1529760742187500e+03	4.4585525989532471e-01
5.1534780273437500e+03	4.4614297151565552e-01
5.1539804687500000e+03	4.4643422961235046e-01
5.1544824218750000e+03	4.4672888517379761e-01
5.1549848632812500e+03	4.4702652096748352e-01
5.1554868164062500e+03	4.4732698798179626e-01
5.1559892578125000e+03	4.4762986898422241e-01
5.1564916992187500e+03	4.4793480634689331e-01
5.1569936523437500e+03	4.4824147224426270e-01
5.1574960937500000e+03	4.4854962825775146e-01
5.1579990234375000e+03	4.4885864853858948e-01
5.1585014648437500e+03	4.4916835427284241e-01
5.1590039062500000e+03	4.4947826862335205e-01
5.1595063476562500e+03	4.4978800415992737e-01
5.1600092773437500e+03	4.5009714365005493e-01
5.1605117187500000e+03	4.5040521025657654e-01
5.1610146484375000e+03	4.5071178674697876e-01
5.1615175781250000e+03	4.5101663470268250e-01
5.1620205078125000e+03	4.5131897926330566e-01
5.1625234375000000e+03	4.5161855220794678e-01
5.1630263671875000e+03	4.5191493630409241e-01
5.1635292968750000e+03	4.5220765471458435e-01
5.1640322265625000e+03	4.5249626040458679e-01
5.1645356445312500e+03	4.5278027653694153e-01
5.1650385742187500e+03	4.5305925607681274e-01
5.1655419921875000e+03	4.5333275198936462e-01
5.1660454101562500e+03	4.5360034704208374e-01
5.1665483398437500e+03	4.5386168360710144e-01
5.1670517578125000e+03	4.5411622524261475e-01
5.1675551757812500e+03	4.5436361432075500e-01
5.1680585937500000e+03	4.5460343360900879e-01
5.1685620117187500e+03	4.5483529567718506e-01
5.1690659179687500e+03	4.5505884289741516e-01
5.1695693359375000e+03	4.5527368783950806e-01
5.1700732421875000e+03	4.5547941327095032e-01
5.1705766601562500e+03	4.5567581057548523e-01
5.1710805664062500e+03	4.5586246252059937e-01
5.1715844726562500e+03	4.5603907108306885e-01
5.1720883789062500e+03	4.5620539784431458e-01
5.1725922851562500e+03	4.5636111497879028e-01
5.1730961914062500e+03	4.5650604367256165e-01
5.1736000976562500e+03	4.5663988590240479e-01
5.1741040039062500e+03	4.5676252245903015e-01
5.1746083984375000e+03	4.5687362551689148e-01
5.1751123046875000e+03	4.5697316527366638e-01
5.1756166992187500e+03	4.5706084370613098e-01
5.1761206054687500e+03	4.5713666081428528e-01
5.1766250000000000e+03	4.5720046758651733e-01
5.1771293945312500e+03	4.5725223422050476e-01
5.1776337890625000e+03	4.5729181170463562e-01
5.1781381835937500e+03	4.5731917023658752e-01
5.1786425781250000e+03	4.5733433961868286e-01
5.1791474609375000e+03	4.5733731985092163e-01
5.1796518554687500e+03	4.5732811093330383e-01
5.1801567382812500e+03	4.5730674266815186e-01
5.1806611328125000e+03	4.5727333426475525e-01
5.1811660156250000e+03	4.5722788572311401e-01
5.1816708984375000e+03	4.5717054605484009e-01
5.1821757812500000e+03	4.5710140466690063e-01
5.1826806640625000e+03	4.5702064037322998e-01
5.1831855468750000e+03	4.5692840218544006e-01
5.1836904296875000e+03	4.5682483911514282e-01
5.1841953125000000e+03	4.5671012997627258e-01
5.1847006835937500e+03	4.5658451318740845e-01
5.1852055664062500e+03	4.5644813776016235e-01
5.1857109375000000e+03	4.5630139112472534e-01
5.1862163085937500e+03	4.5614427328109741e-01
5.1867211914062500e+03	4.5597723126411438e-01
5.1872265625000000e+03	4.5580041408538818e-01
5.1877319335937500e+03	4.5561417937278748e-01
5.1882373046875000e+03	4.5541876554489136e-01
5.1887431640625000e+03	4.5521453022956848e-01
5.1892485351562500e+03	4.5500171184539795e-01
5.1897539062500000e+03	4.5478060841560364e-01
5.1902597656250000e+03	4.5455154776573181e-01
5.1907656250000000e+03	4.5431491732597351e-01
5.1912709960937500e+03	4.5407098531723022e-01
5.1917768554687500e+03	4.5382007956504822e-01
5.1922827148437500e+03	4.5356258749961853e-01
5.1927885742187500e+03	4.5329883694648743e-01
5.1932944335937500e+03	4.5302915573120117e-01
5.1938002929687500e+03	4.5275390148162842e-01
5.1943066406250000e+03	4.5247352123260498e-01
5.1948125000000000e+03	4.5218816399574280e-01
5.1953188476562500e+03	4.5189842581748962e-01
5.1958247070312500e+03	4.5160451531410217e-01
5.1963310546875000e+03	4.5130679011344910e-01
5.1968374023437500e+03	4.5100566744804382e-01
5.1973437500000000e+03	4.5070156455039978e-01
5.1978500976562500e+03	4.5039474964141846e-01
5.1983564453125000e+03	4.5008558034896851e-01
5.1988627929687500e+03	4.4977453351020813e-01
5.1993696289062500e+03	4.4946187734603882e-01
5.1998759765625000e+03	4.4914802908897400e-01
5.2003828125000000e+03	4.4883328676223755e-01
5.2008891601562500e+03	4.4851803779602051e-01
5.2013959960937500e+03	4.4820269942283630e-01
5.2019028320312500e+03	4.4788753986358643e-01
5.2024096679687500e+03	4.4757303595542908e-01
5.2029165039062500e+03	4.4725942611694336e-01
5.2034233398437500e+03	4.4694712758064270e-01
5.2039301757812500e+03	4.4663640856742859e-01
5.2044375000000000e+03	4.4632771611213684e-01
5.2049443359375000e+03	4.4602140784263611e-01
5.2054516601562500e+03	4.4571772217750549e-01
5.2059584960937500e+03	4.4541704654693604e-01
5.2064658203125000e+03	4.4511970877647400e-01
5.2069731445312500e+03	4.4482600688934326e-01
5.2074804687500000e+03	4.4453626871109009e-01
5.2079877929687500e+03	4.4425085186958313e-01
5.2084951171875000e+03	4.4396999478340149e-01
5.2090024414062500e+03	4.4369402527809143e-01
5.2095102539062500e+03	4.4342324137687683e-01
5.2100175781250000e+03	4.4315794110298157e-01
5.2105253906250000e+03	4.4289830327033997e-01
5.2110327148437500e+03	4.4264465570449829e-01
5.2115405273437500e+03	4.4239726662635803e-01
5.2120483398437500e+03	4.4215631484985352e-01
5.2125561523437500e+03	4.4192209839820862e-01
5.2130639648437500e+03	4.4169476628303528e-01
5.2135717773437500e+03	4.4147458672523499e-01
5.2140795898437500e+03	4.4126164913177490e-01
5.2145878906250000e+03	4.4105622172355652e-01
5.2150957031250000e+03	4.4085839390754700e-01
5.2156040039062500e+03	4.4066840410232544e-01
5.2161123046875000e+03	4.4048625230789185e-01
5.2166201171875000e+03	4.4031217694282532e-01
5.2171284179687500e+03	4.4014617800712585e-01
5.2176367187500000e+03	4.3998840451240540e-01
5.2181450195312500e+03	4.3983885645866394e-01
5.2186533203125000e+03	4.3969756364822388e-01
5.2191621093750000e+03	4.3956464529037476e-01
5.2196704101562500e+03	4.3944007158279419e-01
5.2201791992187500e+03	4.3932375311851501e-01
5.2206875000000000e+03	4.3921574950218201e-01
5.2211962890625000e+03	4.3911600112915039e-01
5.2217050781250000e+03	4.3902447819709778e-01
5.2222138671875000e+03	4.3894097208976746e-01
5.2227226562500000e+03	4.3886557221412659e-01
5.2232314453125000e+03	4.3879801034927368e-01
5.2237402343750000e+03	4.3873822689056396e-01
5.2242490234375000e+03	4.3868610262870789e-01
5.2247583007812500e+03	4.3864142894744873e-01
5.2252670898437500e+03	4.3860405683517456e-01
5.2257763671875000e+03	4.3857374787330627e-01
5.2262851562500000e+03	4.3855044245719910e-01
5.2267944335937500e+03	4.3853372335433960e-01
5.2273037109375000e+03	4.3852353096008301e-01
5.2278129882812500e+03	4.3851953744888306e-01
5.2283222656250000e+03	4.3852159380912781e-01
5.2288320312500000e+03	4.3852931261062622e-01
5.2293413085937500e+03	4.3854260444641113e-01
5.2298505859375000e+03	4.3856111168861389e-01
5.2303603515625000e+03	4.3858456611633301e-01
5.2308696289062500e+03	4.3861266970634460e-01
5.2313793945312500e+03	4.3864524364471436e-01
5.2318891601562500e+03	4.3868193030357361e-01
5.2323989257812500e+03	4.3872249126434326e-01
5.2329086914062500e+03	4.3876662850379944e-01
5.2334184570312500e+03	4.3881410360336304e-01
5.2339282226562500e+03	4.3886464834213257e-01
5.2344384765625000e+03	4.3891799449920654e-01
5.2349482421875000e+03	4.3897384405136108e-01
5.2354584960937500e+03	4.3903201818466187e-01
5.2359682617187500e+03	4.3909218907356262e-01
5.2364785156250000e+03	4.3915426731109619e-01
5.2369887695312500e+03	4.3921789526939392e-01
5.2374990234375000e+03	4.3928289413452148e-01
5.2380092773437500e+03	4.3934908509254456e-01
5.2385195312500000e+03	4.3941622972488403e-01
5.2390297851562500e+03	4.3948423862457275e-01
5.2395405273437500e+03	4.3955290317535400e-01
5.2400507812500000e+03	4.3962207436561584e-01
5.2405615234375000e+03	4.3969160318374634e-01
5.2410717773437500e+03	4.3976137042045593e-01
5.2415825195312500e+03	4.3983125686645508e-01
5.2420932617187500e+03	4.3990123271942139e-01
5.2426040039062500e+03	4.3997108936309814e-01
5.2431147460937500e+03	4.4004094600677490e-01
5.2436254882812500e+03	4.4011056423187256e-01
5.2441362304687500e+03	4.4018000364303589e-01
5.2446474609375000e+03	4.4024923443794250e-01
5.2451582031250000e+03	4.4031822681427002e-01
5.2456694335937500e+03	4.4038698077201843e-01
5.2461801757812500e+03	4.4045552611351013e-01
5.2466914062500000e+03	4.4052386283874512e-01
5.2472026367187500e+03	4.4059202075004578e-01
5.2477138671875000e+03	4.4066008925437927e-01
5.2482250976562500e+03	4.4072800874710083e-01
5.2487363281250000e+03	4.4079589843750000e-01
5.2492480468750000e+03	4.4086381793022156e-01
5.2497592773437500e+03	4.4093185663223267e-01
5.2502709960937500e+03	4.4100001454353333e-01
5.2507822265625000e+03	4.4106844067573547e-01
5.2512939453125000e+03	4.4113713502883911e-01
5.2518056640625000e+03	4.4120618700981140e-01
5.2523173828125000e+03	4.4127577543258667e-01
5.2528291015625000e+03	4.4134578108787537e-01
5.2533408203125000e+03	4.4141638278961182e-01
5.2538525390625000e+03	4.4148764014244080e-01
5.2543642578125000e+03	4.4155961275100708e-01
5.2548764648437500e+03	4.4163230061531067e-01
5.2553881835937500e+03	4.4170579314231873e-01
5.2559003906250000e+03	4.4178012013435364e-01
5.2564121093750000e+03	4.4185528159141541e-01
5.2569243164062500e+03	4.4193130731582642e-01
5.2574365234375000e+03	4.4200822710990906e-01
5.2579487304687500e+03	4.4208589196205139e-01
5.2584609375000000e+03	4.4216445088386536e-01
5.2589736328125000e+03	4.4224378466606140e-01
5.2594858398437500e+03	4.4232386350631714e-01
5.2599980468750000e+03	4.4240465760231018e-01
5.2605107421875000e+03	4.4248601794242859e-01
5.2610234375000000e+03	4.4256791472434998e-01
5.2615356445312500e+03	4.4265025854110718e-01
5.2620483398437500e+03	4.4273284077644348e-01
5.2625610351562500e+03	4.4281566143035889e-01
5.2630737304687500e+03	4.4289842247962952e-01
5.2635864257812500e+03	4.4298103451728821e-01
5.2640996093750000e+03	4.4306334853172302e-01
5.2646123046875000e+03	4.4314515590667725e-01
5.2651250000000000e+03	4.4322630763053894e-01
5.2656381835937500e+03	4.4330647587776184e-01
5.2661513671875000e+03	4.4338554143905640e-01
5.2666640625000000e+03	4.4346329569816589e-01
5.2671772460937500e+03	4.4353944063186646e-01
5.2676904296875000e+03	4.4361370801925659e-01
5.2682036132812500e+03	4.4368591904640198e-01
5.2687167968750000e+03	4.4375583529472351e-01
5.2692304687500000e+03	4.4382315874099731e-01
5.2697436523437500e+03	4.4388756155967712e-01
5.2702573242187500e+03	4.4394892454147339e-01
5.2707705078125000e+03	4.4400691986083984e-01
5.2712841796875000e+03	4.4406130909919739e-01
5.2717978515625000e+03	4.4411170482635498e-01
5.2723115234375000e+03	4.4415810704231262e-01
5.2728251953125000e+03	4.4420009851455688e-01
5.2733388671875000e+03	4.4423747062683105e-01
5.2738525390625000e+03	4.4427007436752319e-01
5.2743662109375000e+03	4.4429761171340942e-01
5.2748803710937500e+03	4.4431987404823303e-01
5.2753940429687500e+03	4.4433674216270447e-01
5.2759082031250000e+03	4.4434800744056702e-01
5.2764218750000000e+03	4.4435352087020874e-01
5.2769360351562500e+03	4.4435307383537292e-01
5.2774501953125000e+03	4.4434669613838196e-01
5.2779643554687500e+03	4.4433414936065674e-01
5.2784785156250000e+03	4.4431537389755249e-01
5.2789926757812500e+03	4.4429031014442444e-01
5.2795073242187500e+03	4.4425901770591736e-01
5.2800214843750000e+03	4.4422134757041931e-01
5.2805361328125000e+03	4.4417726993560791e-01
5.2810502929687500e+03	4.4412699341773987e-01
5.2815649414062500e+03	4.4407042860984802e-01
5.2820795898437500e+03	4.4400766491889954e-01
5.2825942382812500e+03	4.4393882155418396e-01
5.2831088867187500e+03	4.4386404752731323e-01
5.2836235351562500e+03	4.4378346204757690e-01
5.2841381835937500e+03	4.4369715452194214e-01
5.2846533203125000e+03	4.4360539317131042e-01
5.2851679687500000e+03	4.4350844621658325e-01
5.2856831054687500e+03	4.4340637326240540e-01
5.2861977539062500e+03	4.4329956173896790e-01
5.2867128906250000e+03	4.4318819046020508e-01
5.2872280273437500e+03	4.4307267665863037e-01
5.2877431640625000e+03	4.4295319914817810e-01
5.2882583007812500e+03	4.4283008575439453e-01
5.2887734375000000e+03	4.4270372390747070e-01
5.2892890625000000e+03	4.4257444143295288e-01
5.2898041992187500e+03	4.4244253635406494e-01
5.2903193359375000e+03	4.4230845570564270e-01
5.2908349609375000e+03	4.4217249751091003e-01
5.2913505859375000e+03	4.4203510880470276e-01
5.2918657226562500e+03	4.4189658761024475e-01
5.2923813476562500e+03	4.4175741076469421e-01
5.2928969726562500e+03	4.4161784648895264e-01
5.2934125976562500e+03	4.4147837162017822e-01
5.2939287109375000e+03	4.4133934378623962e-01
5.2944443359375000e+03	4.4120109081268311e-01
5.2949599609375000e+03	4.4106402993202209e-01
5.2954760742187500e+03	4.4092854857444763e-01
5.2959916992187500e+03	4.4079485535621643e-01
5.2965078125000000e+03	4.4066333770751953e-01
5.2970239257812500e+03	4.4053441286087036e-01
5.2975400390625000e+03	4.4040822982788086e-01
5.2980561523437500e+03	4.4028520584106445e-01
5.2985722656250000e+03	4.4016548991203308e-01
5.2990883789062500e+03	4.4004938006401062e-01
5.2996049804687500e+03	4.3993708491325378e-01
5.3001210937500000e+03	4.3982875347137451e-01
5.3006376953125000e+03	4.3972462415695190e-01
5.3011538085937500e+03	4.3962481617927551e-01
5.3016704101562500e+03	4.3952938914299011e-01
5.3021870117187500e+03	4.3943849205970764e-01
5.3027036132812500e+03	4.3935227394104004e-01
5.3032202148437500e+03	4.3927061557769775e-01
5.3037368164062500e+03	4.3919357657432556e-01
5.3042534179687500e+03	4.3912109732627869e-01
5.3047705078125000e+03	4.3905317783355713e-01
5.3052871093750000e+03	4.3898975849151611e-01
5.3058041992187500e+03	4.3893069028854370e-01
5.3063208007812500e+03	4.3887585401535034e-01
5.3068378906250000e+03	4.3882498145103455e-01
5.3073549804687500e+03	4.3877798318862915e-01
5.3078720703125000e+03	4.3873468041419983e-01
5.3083891601562500e+03	4.3869474530220032e-01
5.3089062500000000e+03	4.3865790963172913e-01
5.3094238281250000e+03	4.3862393498420715e-01
5.3099409179687500e+03	4.3859252333641052e-01
5.3104584960937500e+03	4.3856322765350342e-01
5.3109755859375000e+03	4.3853583931922913e-01
5.3114931640625000e+03	4.3850991129875183e-01
5.3120107421875000e+03	4.3848505616188049e-01
5.3125283203125000e+03	4.3846094608306885e-01
5.3130458984375000e+03	4.3843707442283630e-01
5.3135634765625000e+03	4.3841311335563660e-01
5.3140810546875000e+03	4.3838861584663391e-01
5.3145986328125000e+03	4.3836316466331482e-01
5.3151166992187500e+03	4.3833631277084351e-01
5.3156342773437500e+03	4.3830758333206177e-01
5.3161523437500000e+03	4.3827667832374573e-01
5.3166704101562500e+03	4.3824303150177002e-01
5.3171884765625000e+03	4.3820622563362122e-01
5.3177060546875000e+03	4.3816596269607544e-01
5.3182246093750000e+03	4.3812170624732971e-01
5.3187426757812500e+03	4.3807312846183777e-01
5.3192607421875000e+03	4.3801978230476379e-01
5.3197788085937500e+03	4.3796139955520630e-01
5.3202973632812500e+03	4.3789759278297424e-01
5.3208154296875000e+03	4.3782788515090942e-01
5.3213339843750000e+03	4.3775215744972229e-01
5.3218525390625000e+03	4.3766999244689941e-01
5.3223710937500000e+03	4.3758115172386169e-01
5.3228896484375000e+03	4.3748098611831665e-01
5.3234082031250000e+03	4.3737810850143433e-01
5.3239267578125000e+03	4.3726789951324463e-01
5.3244453125000000e+03	4.3715018033981323e-01
5.3249643554687500e+03	4.3702474236488342e-01
5.3254829101562500e+03	4.3689143657684326e-01
5.3260019531250000e+03	4.3675023317337036e-01
5.3265205078125000e+03	4.3660104274749756e-01
5.3270395507812500e+03	4.3644386529922485e-01
5.3275585937500000e+03	4.3627858161926270e-01
5.3280776367187500e+03	4.3610525131225586e-01
5.3285966796875000e+03	4.3592405319213867e-01
5.3291162109375000e+03	4.3573483824729919e-01
5.3296352539062500e+03	4.3553784489631653e-01
5.3301542968750000e+03	4.3533316254615784e-01
5.3306738281250000e+03	4.3512094020843506e-01
5.3311928710937500e+03	4.3490135669708252e-01
5.3317124023437500e+03	4.3467462062835693e-01
5.3322319335937500e+03	4.3444094061851501e-01
5.3327514648437500e+03	4.3420058488845825e-01
5.3332709960937500e+03	4.3395376205444336e-01
5.3337905273437500e+03	4.3370082974433899e-01
5.3343100585937500e+03	4.3344202637672424e-01
5.3348300781250000e+03	4.3317773938179016e-01
5.3353496093750000e+03	4.3290823698043823e-01
5.3358696289062500e+03	4.3263390660285950e-01
5.3363896484375000e+03	4.3235507607460022e-01
5.3369091796875000e+03	4.3207213282585144e-01
5.3374291992187500e+03	4.3178546428680420e-01
5.3379492187500000e+03	4.3149539828300476e-01
5.3384692382812500e+03	4.3120244145393372e-01
5.3389892578125000e+03	4.3090689182281494e-01
5.3395097656250000e+03	4.3060916662216187e-01
5.3400297851562500e+03	4.3030965328216553e-01
5.3405502929687500e+03	4.3000873923301697e-01
5.3410703125000000e+03	4.2970684170722961e-01
5.3415908203125000e+03	4.2940431833267212e-01
5.3421113281250000e+03	4.2910164594650269e-01
5.3426318359375000e+03	4.2879906296730042e-01
5.3431523437500000e+03	4.2849698662757874e-01
5.3436728515625000e+03	4.2819583415985107e-01
5.3441933593750000e+03	4.2789581418037415e-01
5.3447138671875000e+03	4.2759737372398376e-01
5.3452348632812500e+03	4.2730075120925903e-01
5.3457553710937500e+03	4.2700630426406860e-01
5.3462763671875000e+03	4.2671433091163635e-01
5.3467973632812500e+03	4.2642498016357422e-01
5.3473183593750000e+03	4.2613866925239563e-01
5.3478393554687500e+03	4.2585548758506775e-01
5.3483603515625000e+03	4.2557570338249207e-01
5.3488813476562500e+03	4.2529952526092529e-01
5.3494023437500000e+03	4.2502713203430176e-01
5.3499238281250000e+03	4.2475867271423340e-01
5.3504448242187500e+03	4.2449423670768738e-01
5.3509663085937500e+03	4.2423397302627563e-01
5.3514873046875000e+03	4.2397800087928772e-01
5.3520087890625000e+03	4.2372635006904602e-01
5.3525302734375000e+03	4.2347911000251770e-01
5.3530517578125000e+03	4.2323631048202515e-01
5.3535732421875000e+03	4.2299798130989075e-01
5.3540947265625000e+03	4.2276403307914734e-01
5.3546166992187500e+03	4.2253452539443970e-01
5.3551381835937500e+03	4.2230942845344543e-01
5.3556601562500000e+03	4.2208862304687500e-01
5.3561816406250000e+03	4.2187210917472839e-01
5.3567036132812500e+03	4.2165973782539368e-01
5.3572255859375000e+03	4.2145144939422607e-01
5.3577475585937500e+03	4.2124709486961365e-01
5.3582695312500000e+03	4.2104652523994446e-01
5.3587915039062500e+03	4.2084968090057373e-01
5.3593134765625000e+03	4.2065638303756714e-01
5.3598359375000000e+03	4.2046642303466797e-01
