4.6099843750000000e+03	4.3759855628013611e-01
4.6104335937500000e+03	4.3739482760429382e-01
4.6108828125000000e+03	4.3739649653434753e-01
4.6113320312500000e+03	4.3742167949676514e-01
4.6117812500000000e+03	4.3747076392173767e-01
4.6122304687500000e+03	4.3754398822784424e-01
4.6126801757812500e+03	4.3764141201972961e-01
4.6131293945312500e+03	4.3776327371597290e-01
4.6135791015625000e+03	4.3790957331657410e-01
4.6140283203125000e+03	4.3808025121688843e-01
4.6144780273437500e+03	4.3827524781227112e-01
4.6149277343750000e+03	4.3849435448646545e-01
4.6153774414062500e+03	4.3873727321624756e-01
4.6158271484375000e+03	4.3900367617607117e-01
4.6162768554687500e+03	4.3929326534271240e-01
4.6167265625000000e+03	4.3960547447204590e-01
4.6171762695312500e+03	4.3993994593620300e-01
4.6176264648437500e+03	4.4029590487480164e-01
4.6180761718750000e+03	4.4067278504371643e-01
4.6185263671875000e+03	4.4106993079185486e-01
4.6189760742187500e+03	4.4148653745651245e-01
4.6194262695312500e+03	4.4192180037498474e-01
4.6198764648437500e+03	4.4237479567527771e-01
4.6203266601562500e+03	4.4284474849700928e-01
4.6207768554687500e+03	4.4333052635192871e-01
4.6212270507812500e+03	4.4383132457733154e-01
4.6216772460937500e+03	4.4434595108032227e-01
4.6221274414062500e+03	4.4487342238426208e-01
4.6225781250000000e+03	4.4541260600090027e-01
4.6230283203125000e+03	4.4596248865127563e-01
4.6234790039062500e+03	4.4652181863784790e-01
4.6239291992187500e+03	4.4708946347236633e-01
4.6243798828125000e+03	4.4766423106193542e-01
4.6248305664062500e+03	4.4824504852294922e-01
4.6252812500000000e+03	4.4883063435554504e-01
4.6257319335937500e+03	4.4941982626914978e-01
4.6261826171875000e+03	4.5001146197319031e-01
4.6266333007812500e+03	4.5060434937477112e-01
4.6270839843750000e+03	4.5119735598564148e-01
4.6275351562500000e+03	4.5178937911987305e-01
4.6279858398437500e+03	4.5237919688224792e-01
4.6284370117187500e+03	4.5296582579612732e-01
4.6288876953125000e+03	4.5354822278022766e-01
4.6293388671875000e+03	4.5412525534629822e-01
4.6297900390625000e+03	4.5469605922698975e-01
4.6302412109375000e+03	4.5525962114334106e-01
4.6306923828125000e+03	4.5581507682800293e-01
4.6311435546875000e+03	4.5636156201362610e-01
4.6315947265625000e+03	4.5689842104911804e-01
4.6320458984375000e+03	4.5742470026016235e-01
4.6324970703125000e+03	4.5793986320495605e-01
4.6329487304687500e+03	4.5844334363937378e-01
4.6333999023437500e+03	4.5893451571464539e-01
4.6338515625000000e+03	4.5941290259361267e-01
4.6343032226562500e+03	4.5987826585769653e-01
4.6347543945312500e+03	4.6033000946044922e-01
4.6352060546875000e+03	4.6076810359954834e-01
4.6356577148437500e+03	4.6119219064712524e-01
4.6361093750000000e+03	4.6160236001014709e-01
4.6365610351562500e+03	4.6199834346771240e-01
4.6370131835937500e+03	4.6238029003143311e-01
4.6374648437500000e+03	4.6274837851524353e-01
4.6379165039062500e+03	4.6310263872146606e-01
4.6383686523437500e+03	4.6344342827796936e-01
4.6388203125000000e+03	4.6377104520797729e-01
4.6392724609375000e+03	4.6408587694168091e-01
4.6397246093750000e+03	4.6438831090927124e-01
4.6401767578125000e+03	4.6467897295951843e-01
4.6406289062500000e+03	4.6495836973190308e-01
4.6410810546875000e+03	4.6522712707519531e-01
4.6415332031250000e+03	4.6548593044281006e-01
4.6419853515625000e+03	4.6573546528816223e-01
4.6424375000000000e+03	4.6597659587860107e-01
4.6428901367187500e+03	4.6621009707450867e-01
4.6433422851562500e+03	4.6643677353858948e-01
4.6437949218750000e+03	4.6665745973587036e-01
4.6442475585937500e+03	4.6687316894531250e-01
4.6446997070312500e+03	4.6708473563194275e-01
4.6451523437500000e+03	4.6729302406311035e-01
4.6456049804687500e+03	4.6749916672706604e-01
4.6460576171875000e+03	4.6770387887954712e-01
4.6465102539062500e+03	4.6790823340415955e-01
4.6469628906250000e+03	4.6811312437057495e-01
4.6474160156250000e+03	4.6831947565078735e-01
4.6478686523437500e+03	4.6852815151214600e-01
4.6483217773437500e+03	4.6874001622200012e-01
4.6487744140625000e+03	4.6895599365234375e-01
4.6492275390625000e+03	4.6917682886123657e-01
4.6496806640625000e+03	4.6940329670906067e-01
4.6501337890625000e+03	4.6963614225387573e-01
4.6505864257812500e+03	4.6987611055374146e-01
4.6510400390625000e+03	4.7012379765510559e-01
4.6514931640625000e+03	4.7037976980209351e-01
4.6519462890625000e+03	4.7064465284347534e-01
4.6523994140625000e+03	4.7091883420944214e-01
4.6528530273437500e+03	4.7120279073715210e-01
4.6533061523437500e+03	4.7149682044982910e-01
4.6537597656250000e+03	4.7180137038230896e-01
4.6542128906250000e+03	4.7211650013923645e-01
4.6546665039062500e+03	4.7244247794151306e-01
4.6551201171875000e+03	4.7277939319610596e-01
4.6555737304687500e+03	4.7312730550765991e-01
4.6560273437500000e+03	4.7348612546920776e-01
4.6564809570312500e+03	4.7385585308074951e-01
4.6569345703125000e+03	4.7423630952835083e-01
4.6573881835937500e+03	4.7462728619575500e-01
4.6578422851562500e+03	4.7502851486206055e-01
4.6582958984375000e+03	4.7543963789939880e-01
4.6587500000000000e+03	4.7586032748222351e-01
4.6592041015625000e+03	4.7629016637802124e-01
4.6596577148437500e+03	4.7672861814498901e-01
4.6601118164062500e+03	4.7717517614364624e-01
4.6605659179687500e+03	4.7762924432754517e-01
4.6610200195312500e+03	4.7809028625488281e-01
4.6614741210937500e+03	4.7855755686759949e-01
4.6619282226562500e+03	4.7903040051460266e-01
4.6623828125000000e+03	4.7950819134712219e-01
4.6628369140625000e+03	4.7999018430709839e-01
4.6632915039062500e+03	4.8047554492950439e-01
4.6637456054687500e+03	4.8096349835395813e-01
4.6642001953125000e+03	4.8145338892936707e-01
4.6646547851562500e+03	4.8194432258605957e-01
4.6651088867187500e+03	4.8243549466133118e-01
4.6655634765625000e+03	4.8292618989944458e-01
4.6660180664062500e+03	4.8341563344001770e-01
4.6664726562500000e+03	4.8390284180641174e-01
4.6669277343750000e+03	4.8438736796379089e-01
4.6673823242187500e+03	4.8486813902854919e-01
4.6678369140625000e+03	4.8534467816352844e-01
4.6682919921875000e+03	4.8581615090370178e-01
4.6687465820312500e+03	4.8628178238868713e-01
4.6692016601562500e+03	4.8674109578132629e-01
4.6696567382812500e+03	4.8719337582588196e-01
4.6701118164062500e+03	4.8763802647590637e-01
4.6705668945312500e+03	4.8807454109191895e-01
4.6710219726562500e+03	4.8850229382514954e-01
4.6714770507812500e+03	4.8892086744308472e-01
4.6719321289062500e+03	4.8932978510856628e-01
4.6723872070312500e+03	4.8972871899604797e-01
4.6728427734375000e+03	4.9011740088462830e-01
4.6732978515625000e+03	4.9049529433250427e-01
4.6737534179687500e+03	4.9086239933967590e-01
4.6742084960937500e+03	4.9121826887130737e-01
4.6746640625000000e+03	4.9156287312507629e-01
4.6751196289062500e+03	4.9189609289169312e-01
4.6755751953125000e+03	4.9221786856651306e-01
4.6760307617187500e+03	4.9252808094024658e-01
4.6764863281250000e+03	4.9282684922218323e-01
4.6769418945312500e+03	4.9311426281929016e-01
4.6773974609375000e+03	4.9339023232460022e-01
4.6778535156250000e+03	4.9365517497062683e-01
4.6783090820312500e+03	4.9390909075737000e-01
4.6787651367187500e+03	4.9415227770805359e-01
4.6792207031250000e+03	4.9438503384590149e-01
4.6796767578125000e+03	4.9460747838020325e-01
4.6801328125000000e+03	4.9482011795043945e-01
4.6805888671875000e+03	4.9502328038215637e-01
4.6810449218750000e+03	4.9521729350090027e-01
4.6815009765625000e+03	4.9540421366691589e-01
4.6819570312500000e+03	4.9558126926422119e-01
4.6824135742187500e+03	4.9575042724609375e-01
4.6828696289062500e+03	4.9591210484504700e-01
4.6833256835937500e+03	4.9606686830520630e-01
4.6837822265625000e+03	4.9621516466140747e-01
4.6842387695312500e+03	4.9635738134384155e-01
4.6846948242187500e+03	4.9649405479431152e-01
4.6851513671875000e+03	4.9662569165229797e-01
4.6856079101562500e+03	4.9675267934799194e-01
4.6860644531250000e+03	4.9687561392784119e-01
4.6865209960937500e+03	4.9699476361274719e-01
4.6869775390625000e+03	4.9711075425148010e-01
4.6874345703125000e+03	4.9722385406494141e-01
4.6878911132812500e+03	4.9733459949493408e-01
4.6883481445312500e+03	4.9744334816932678e-01
4.6888046875000000e+03	4.9755042791366577e-01
4.6892617187500000e+03	4.9765625596046448e-01
4.6897187500000000e+03	4.9776107072830200e-01
4.6901752929687500e+03	4.9786525964736938e-01
4.6906323242187500e+03	4.9796900153160095e-01
4.6910893554687500e+03	4.9807262420654297e-01
4.6915463867187500e+03	4.9817639589309692e-01
4.6920039062500000e+03	4.9828025698661804e-01
4.6924609375000000e+03	4.9838450551033020e-01
4.6929179687500000e+03	4.9848935008049011e-01
4.6933754882812500e+03	4.9859467148780823e-01
4.6938325195312500e+03	4.9870067834854126e-01
4.6942900390625000e+03	4.9880734086036682e-01
4.6947475585937500e+03	4.9891465902328491e-01
4.6952050781250000e+03	4.9902257323265076e-01
4.6956625976562500e+03	4.9913096427917480e-01
4.6961201171875000e+03	4.9923983216285706e-01
4.6965776367187500e+03	4.9934896826744080e-01
4.6970351562500000e+03	4.9945828318595886e-01
4.6974926757812500e+03	4.9956756830215454e-01
4.6979506835937500e+03	4.9967658519744873e-01
4.6984082031250000e+03	4.9978506565093994e-01
4.6988662109375000e+03	4.9989292025566101e-01
4.6993237304687500e+03	4.9999967217445374e-01
4.6997817382812500e+03	5.0010514259338379e-01
4.7002397460937500e+03	5.0020897388458252e-01
4.7006977539062500e+03	5.0031095743179321e-01
4.7011557617187500e+03	5.0041067600250244e-01
4.7016137695312500e+03	5.0050771236419678e-01
4.7020717773437500e+03	5.0060188770294189e-01
4.7025302734375000e+03	5.0069272518157959e-01
4.7029882812500000e+03	5.0077980756759644e-01
4.7034462890625000e+03	5.0086295604705811e-01
4.7039047851562500e+03	5.0094163417816162e-01
4.7043632812500000e+03	5.0101554393768311e-01
4.7048217773437500e+03	5.0108426809310913e-01
4.7052797851562500e+03	5.0114750862121582e-01
4.7057382812500000e+03	5.0120496749877930e-01
4.7061967773437500e+03	5.0125610828399658e-01
4.7066552734375000e+03	5.0130081176757812e-01
4.7071142578125000e+03	5.0133860111236572e-01
4.7075727539062500e+03	5.0136923789978027e-01
4.7080312500000000e+03	5.0139236450195312e-01
4.7084902343750000e+03	5.0140774250030518e-01
4.7089487304687500e+03	5.0141513347625732e-01
4.7094077148437500e+03	5.0141417980194092e-01
4.7098666992187500e+03	5.0140464305877686e-01
4.7103256835937500e+03	5.0138634443283081e-01
4.7107846679687500e+03	5.0135910511016846e-01
4.7112436523437500e+03	5.0132274627685547e-01
4.7117026367187500e+03	5.0127696990966797e-01
4.7121616210937500e+03	5.0122171640396118e-01
4.7126206054687500e+03	5.0115680694580078e-01
4.7130800781250000e+03	5.0108224153518677e-01
4.7135390625000000e+03	5.0099772214889526e-01
4.7139985351562500e+03	5.0090324878692627e-01
4.7144580078125000e+03	5.0079876184463501e-01
4.7149169921875000e+03	5.0068426132202148e-01
4.7153764648437500e+03	5.0055950880050659e-01
4.7158359375000000e+03	5.0042468309402466e-01
4.7162954101562500e+03	5.0027966499328613e-01
4.7167548828125000e+03	5.0012445449829102e-01
4.7172148437500000e+03	4.9995908141136169e-01
4.7176743164062500e+03	4.9978360533714294e-01
4.7181337890625000e+03	4.9959796667098999e-01
4.7185937500000000e+03	4.9940228462219238e-01
4.7190537109375000e+03	4.9919658899307251e-01
4.7195131835937500e+03	4.9898087978363037e-01
4.7199731445312500e+03	4.9875527620315552e-01
4.7204331054687500e+03	4.9851980805397034e-01
4.7208930664062500e+03	4.9827453494071960e-01
4.7213530273437500e+03	4.9801954627037048e-01
4.7218129882812500e+03	4.9775490164756775e-01
4.7222729492187500e+03	4.9748069047927856e-01
4.7227333984375000e+03	4.9719703197479248e-01
4.7231933593750000e+03	4.9690395593643188e-01
4.7236538085937500e+03	4.9660149216651917e-01
4.7241137695312500e+03	4.9628984928131104e-01
4.7245742187500000e+03	4.9596893787384033e-01
4.7250346679687500e+03	4.9563893675804138e-01
4.7254951171875000e+03	4.9529993534088135e-01
4.7259555664062500e+03	4.9495184421539307e-01
4.7264160156250000e+03	4.9459499120712280e-01
4.7268764648437500e+03	4.9422922730445862e-01
4.7273369140625000e+03	4.9385473132133484e-01
4.7277973632812500e+03	4.9347144365310669e-01
4.7282583007812500e+03	4.9307954311370850e-01
4.7287187500000000e+03	4.9267911911010742e-01
4.7291796875000000e+03	4.9227014183998108e-01
4.7296406250000000e+03	4.9185273051261902e-01
4.7301015625000000e+03	4.9142685532569885e-01
4.7305620117187500e+03	4.9099266529083252e-01
4.7310229492187500e+03	4.9055022001266479e-01
4.7314843750000000e+03	4.9009951949119568e-01
4.7319453125000000e+03	4.8964074254035950e-01
4.7324062500000000e+03	4.8917385935783386e-01
4.7328671875000000e+03	4.8869892954826355e-01
4.7333286132812500e+03	4.8821613192558289e-01
4.7337895507812500e+03	4.8772546648979187e-01
4.7342509765625000e+03	4.8722720146179199e-01
4.7347124023437500e+03	4.8672124743461609e-01
4.7351733398437500e+03	4.8620775341987610e-01
4.7356347656250000e+03	4.8568689823150635e-01
4.7360961914062500e+03	4.8515877127647400e-01
4.7365576171875000e+03	4.8462355136871338e-01
4.7370195312500000e+03	4.8408138751983643e-01
4.7374809570312500e+03	4.8353236913681030e-01
4.7379423828125000e+03	4.8297673463821411e-01
4.7384042968750000e+03	4.8241469264030457e-01
4.7388657226562500e+03	4.8184648156166077e-01
4.7393276367187500e+03	4.8127216100692749e-01
4.7397895507812500e+03	4.8069205880165100e-01
4.7402514648437500e+03	4.8010650277137756e-01
4.7407128906250000e+03	4.7951552271842957e-01
4.7411752929687500e+03	4.7891956567764282e-01
4.7416372070312500e+03	4.7831884026527405e-01
4.7420991210937500e+03	4.7771370410919189e-01
4.7425610351562500e+03	4.7710430622100830e-01
4.7430234375000000e+03	4.7649109363555908e-01
4.7434853515625000e+03	4.7587430477142334e-01
4.7439477539062500e+03	4.7525441646575928e-01
4.7444096679687500e+03	4.7463166713714600e-01
4.7448720703125000e+03	4.7400638461112976e-01
4.7453344726562500e+03	4.7337895631790161e-01
4.7457968750000000e+03	4.7274982929229736e-01
4.7462592773437500e+03	4.7211927175521851e-01
4.7467216796875000e+03	4.7148773074150085e-01
4.7471840820312500e+03	4.7085559368133545e-01
4.7476464843750000e+03	4.7022318840026855e-01
4.7481093750000000e+03	4.6959093213081360e-01
4.7485717773437500e+03	4.6895927190780640e-01
4.7490346679687500e+03	4.6832853555679321e-01
4.7494975585937500e+03	4.6769917011260986e-01
4.7499599609375000e+03	4.6707162261009216e-01
4.7504228515625000e+03	4.6644616127014160e-01
4.7508857421875000e+03	4.6582326292991638e-01
4.7513486328125000e+03	4.6520322561264038e-01
4.7518115234375000e+03	4.6458649635314941e-01
4.7522749023437500e+03	4.6397352218627930e-01
4.7527377929687500e+03	4.6336454153060913e-01
4.7532006835937500e+03	4.6276012063026428e-01
4.7536640625000000e+03	4.6216040849685669e-01
4.7541269531250000e+03	4.6156582236289978e-01
4.7545903320312500e+03	4.6097680926322937e-01
4.7550537109375000e+03	4.6039363741874695e-01
4.7555170898437500e+03	4.5981651544570923e-01
4.7559804687500000e+03	4.5924594998359680e-01
4.7564438476562500e+03	4.5868217945098877e-01
4.7569072265625000e+03	4.5812553167343140e-01
4.7573706054687500e+03	4.5757624506950378e-01
4.7578344726562500e+03	4.5703467726707458e-01
4.7582978515625000e+03	4.5650106668472290e-01
4.7587617187500000e+03	4.5597562193870544e-01
4.7592250976562500e+03	4.5546048879623413e-01
4.7596889648437500e+03	4.5495250821113586e-01
4.7601528320312500e+03	4.5445355772972107e-01
4.7606166992187500e+03	4.5396390557289124e-01
4.7610805664062500e+03	4.5348364114761353e-01
4.7615444335937500e+03	4.5301309227943420e-01
4.7620083007812500e+03	4.5255243778228760e-01
4.7624721679687500e+03	4.5210191607475281e-01
4.7629360351562500e+03	4.5166173577308655e-01
4.7634003906250000e+03	4.5123207569122314e-01
4.7638642578125000e+03	4.5081314444541931e-01
4.7643286132812500e+03	4.5040506124496460e-01
4.7647929687500000e+03	4.5000806450843811e-01
4.7652573242187500e+03	4.4962233304977417e-01
4.7657211914062500e+03	4.4924804568290710e-01
4.7661860351562500e+03	4.4888535141944885e-01
4.7666503906250000e+03	4.4853451848030090e-01
4.7671147460937500e+03	4.4819557666778564e-01
4.7675791015625000e+03	4.4786882400512695e-01
4.7680434570312500e+03	4.4755437970161438e-01
4.7685083007812500e+03	4.4725236296653748e-01
4.7689726562500000e+03	4.4696298241615295e-01
4.7694375000000000e+03	4.4668650627136230e-01
4.7699023437500000e+03	4.4642290472984314e-01
4.7703671875000000e+03	4.4617250561714172e-01
4.7708320312500000e+03	4.4593548774719238e-01
4.7712968750000000e+03	4.4571197032928467e-01
4.7717617187500000e+03	4.4550216197967529e-01
4.7722265625000000e+03	4.4530621170997620e-01
4.7726914062500000e+03	4.4512438774108887e-01
4.7731567382812500e+03	4.4495683908462524e-01
4.7736215820312500e+03	4.4480374455451965e-01
4.7740869140625000e+03	4.4466534256935120e-01
4.7745517578125000e+03	4.4454181194305420e-01
4.7750170898437500e+03	4.4443342089653015e-01
4.7754824218750000e+03	4.4434028863906860e-01
4.7759477539062500e+03	4.4426268339157104e-01
4.7764130859375000e+03	4.4420093297958374e-01
4.7768784179687500e+03	4.4415515661239624e-01
4.7773437500000000e+03	4.4412556290626526e-01
4.7778095703125000e+03	4.4411256909370422e-01
4.7782749023437500e+03	4.4411632418632507e-01
4.7787407226562500e+03	4.4413700699806213e-01
4.7792060546875000e+03	4.4417506456375122e-01
4.7796718750000000e+03	4.4423067569732666e-01
4.7801376953125000e+03	4.4430419802665710e-01
4.7806035156250000e+03	4.4439578056335449e-01
4.7810693359375000e+03	4.4450587034225464e-01
4.7815351562500000e+03	4.4463473558425903e-01
4.7820009765625000e+03	4.4478270411491394e-01
4.7824667968750000e+03	4.4495007395744324e-01
4.7829331054687500e+03	4.4513729214668274e-01
4.7833989257812500e+03	4.4534450769424438e-01
4.7838647460937500e+03	4.4557225704193115e-01
4.7843310546875000e+03	4.4582080841064453e-01
4.7847973632812500e+03	4.4609060883522034e-01
4.7852636718750000e+03	4.4638213515281677e-01
4.7857299804687500e+03	4.4669559597969055e-01
4.7861962890625000e+03	4.4703328609466553e-01
4.7866625976562500e+03	4.4739219546318054e-01
4.7871289062500000e+03	4.4777441024780273e-01
4.7875952148437500e+03	4.4818046689033508e-01
4.7880615234375000e+03	4.4861069321632385e-01
4.7885283203125000e+03	4.4906577467918396e-01
4.7889951171875000e+03	4.4954597949981689e-01
4.7894614257812500e+03	4.5005196332931519e-01
4.7899282226562500e+03	4.5058426260948181e-01
4.7903950195312500e+03	4.5114329457283020e-01
4.7908618164062500e+03	4.5172977447509766e-01
4.7913286132812500e+03	4.5234411954879761e-01
4.7917954101562500e+03	4.5298698544502258e-01
4.7922622070312500e+03	4.5365902781486511e-01
4.7927290039062500e+03	4.5436081290245056e-01
4.7931962890625000e+03	4.5509293675422668e-01
4.7936630859375000e+03	4.5585626363754272e-01
4.7941303710937500e+03	4.5665118098258972e-01
4.7945971679687500e+03	4.5747855305671692e-01
4.7950644531250000e+03	4.5833912491798401e-01
4.7955317382812500e+03	4.5923358201980591e-01
4.7959990234375000e+03	4.6016266942024231e-01
4.7964663085937500e+03	4.6112725138664246e-01
4.7969335937500000e+03	4.6212795376777649e-01
4.7974008789062500e+03	4.6316578984260559e-01
4.7978686523437500e+03	4.6424141526222229e-01
4.7983359375000000e+03	4.6535578370094299e-01
4.7988037109375000e+03	4.6650984883308411e-01
4.7992709960937500e+03	4.6770435571670532e-01
4.7997387695312500e+03	4.6894025802612305e-01
4.8002065429687500e+03	4.7021862864494324e-01
4.8006743164062500e+03	4.7154036164283752e-01
4.8011420898437500e+03	4.7290629148483276e-01
4.8016098632812500e+03	4.7431766986846924e-01
4.8020776367187500e+03	4.7577533125877380e-01
4.8025454101562500e+03	4.7728037834167480e-01
4.8030136718750000e+03	4.7883382439613342e-01
4.8034814453125000e+03	4.8043680191040039e-01
4.8039497070312500e+03	4.8209038376808167e-01
4.8044174804687500e+03	4.8379570245742798e-01
4.8048857421875000e+03	4.8555380105972290e-01
4.8053540039062500e+03	4.8736584186553955e-01
4.8058222656250000e+03	4.8923298716545105e-01
4.8062905273437500e+03	4.9115642905235291e-01
4.8067587890625000e+03	4.9313727021217346e-01
4.8072270507812500e+03	4.9517658352851868e-01
4.8076953125000000e+03	4.9727576971054077e-01
4.8081640625000000e+03	4.9943584203720093e-01
4.8086323242187500e+03	5.0165808200836182e-01
4.8091010742187500e+03	5.0394356250762939e-01
4.8095693359375000e+03	5.0629353523254395e-01
4.8100380859375000e+03	5.0870913267135620e-01
4.8105068359375000e+03	5.1119154691696167e-01
4.8109755859375000e+03	5.1374191045761108e-01
4.8114443359375000e+03	5.1636141538619995e-01
4.8119130859375000e+03	5.1905101537704468e-01
4.8123818359375000e+03	5.2181208133697510e-01
4.8128510742187500e+03	5.2464550733566284e-01
4.8133198242187500e+03	5.2755248546600342e-01
4.8137890625000000e+03	5.3053390979766846e-01
4.8142578125000000e+03	5.3359073400497437e-01
4.8147270507812500e+03	5.3672415018081665e-01
4.8151962890625000e+03	5.3993505239486694e-01
4.8156650390625000e+03	5.4322409629821777e-01
4.8161342773437500e+03	5.4659235477447510e-01
4.8166040039062500e+03	5.5004048347473145e-01
4.8170732421875000e+03	5.5356931686401367e-01
4.8175424804687500e+03	5.5717951059341431e-01
4.8180117187500000e+03	5.6087172031402588e-01
4.8184814453125000e+03	5.6464636325836182e-01
4.8189506835937500e+03	5.6850409507751465e-01
4.8194204101562500e+03	5.7244527339935303e-01
4.8198901367187500e+03	5.7647031545639038e-01
4.8203593750000000e+03	5.8057928085327148e-01
4.8208291015625000e+03	5.8477264642715454e-01
4.8212988281250000e+03	5.8905035257339478e-01
4.8217685546875000e+03	5.9341239929199219e-01
4.8222387695312500e+03	5.9785860776901245e-01
4.8227084960937500e+03	6.0238903760910034e-01
4.8231782226562500e+03	6.0700309276580811e-01
4.8236484375000000e+03	6.1170077323913574e-01
4.8241181640625000e+03	6.1648112535476685e-01
4.8245883789062500e+03	6.2134391069412231e-01
4.8250585937500000e+03	6.2628817558288574e-01
4.8255288085937500e+03	6.3131302595138550e-01
4.8259990234375000e+03	6.3641774654388428e-01
4.8264692382812500e+03	6.4160096645355225e-01
4.8269394531250000e+03	6.4686149358749390e-01
4.8274096679687500e+03	6.5219807624816895e-01
4.8278798828125000e+03	6.5760916471481323e-01
4.8283505859375000e+03	6.6309303045272827e-01
4.8288208007812500e+03	6.6864806413650513e-01
4.8292915039062500e+03	6.7427217960357666e-01
4.8297617187500000e+03	6.7996335029602051e-01
4.8302324218750000e+03	6.8571931123733521e-01
4.8307031250000000e+03	6.9153785705566406e-01
4.8311738281250000e+03	6.9741618633270264e-01
4.8316445312500000e+03	7.0335197448730469e-01
4.8321152343750000e+03	7.0934218168258667e-01
4.8325864257812500e+03	7.1538376808166504e-01
4.8330571289062500e+03	7.2147387266159058e-01
4.8335278320312500e+03	7.2760903835296631e-01
4.8339990234375000e+03	7.3378604650497437e-01
4.8344702148437500e+03	7.4000108242034912e-01
4.8349409179687500e+03	7.4625045061111450e-01
4.8354121093750000e+03	7.5253039598464966e-01
4.8358833007812500e+03	7.5883674621582031e-01
4.8363544921875000e+03	7.6516562700271606e-01
4.8368256835937500e+03	7.7151256799697876e-01
4.8372968750000000e+03	7.7787297964096069e-01
4.8377685546875000e+03	7.8424251079559326e-01
4.8382397460937500e+03	7.9061657190322876e-01
4.8387109375000000e+03	7.9699009656906128e-01
4.8391826171875000e+03	8.0335825681686401e-01
4.8396542968750000e+03	8.0971598625183105e-01
4.8401254882812500e+03	8.1605815887451172e-01
4.8405971679687500e+03	8.2237982749938965e-01
4.8410688476562500e+03	8.2867509126663208e-01
4.8415405273437500e+03	8.3493900299072266e-01
4.8420122070312500e+03	8.4116595983505249e-01
4.8424843750000000e+03	8.4735023975372314e-01
4.8429560546875000e+03	8.5348647832870483e-01
4.8434277343750000e+03	8.5956877470016479e-01
4.8438999023437500e+03	8.6559152603149414e-01
4.8443720703125000e+03	8.7154924869537354e-01
4.8448437500000000e+03	8.7743580341339111e-01
4.8453159179687500e+03	8.8324564695358276e-01
4.8457880859375000e+03	8.8897323608398438e-01
4.8462602539062500e+03	8.9461249113082886e-01
4.8467324218750000e+03	9.0015798807144165e-01
4.8472045898437500e+03	9.0560388565063477e-01
4.8476767578125000e+03	9.1094470024108887e-01
4.8481494140625000e+03	9.1617494821548462e-01
4.8486215820312500e+03	9.2128902673721313e-01
4.8490942382812500e+03	9.2628163099288940e-01
4.8495664062500000e+03	9.3114739656448364e-01
4.8500390625000000e+03	9.3588149547576904e-01
4.8505117187500000e+03	9.4047856330871582e-01
4.8509843750000000e+03	9.4493383169174194e-01
4.8514570312500000e+03	9.4924253225326538e-01
4.8519296875000000e+03	9.5340019464492798e-01
4.8524023437500000e+03	9.5740228891372681e-01
4.8528754882812500e+03	9.6124464273452759e-01
4.8533481445312500e+03	9.6492290496826172e-01
4.8538208007812500e+03	9.6843379735946655e-01
4.8542939453125000e+03	9.7177332639694214e-01
4.8547670898437500e+03	9.7493803501129150e-01
4.8552397460937500e+03	9.7792506217956543e-01
4.8557128906250000e+03	9.8073124885559082e-01
4.8561860351562500e+03	9.8335397243499756e-01
4.8566591796875000e+03	9.8579066991806030e-01
4.8571328125000000e+03	9.8803901672363281e-01
4.8576059570312500e+03	9.9009770154953003e-01
4.8580791015625000e+03	9.9196451902389526e-01
4.8585527343750000e+03	9.9363827705383301e-01
4.8590258789062500e+03	9.9511766433715820e-01
4.8594995117187500e+03	9.9640208482742310e-01
4.8599726562500000e+03	9.9749088287353516e-01
4.8604462890625000e+03	9.9838358163833618e-01
4.8609199218750000e+03	9.9908065795898438e-01
4.8613935546875000e+03	9.9958193302154541e-01
4.8618671875000000e+03	9.9988818168640137e-01
4.8623408203125000e+03	1.0000000000000000e+00
4.8628149414062500e+03	9.9991875886917114e-01
4.8632885742187500e+03	9.9964565038681030e-01
4.8637626953125000e+03	9.9918228387832642e-01
4.8642363281250000e+03	9.9853062629699707e-01
4.8647104492187500e+03	9.9769288301467896e-01
4.8651845703125000e+03	9.9667108058929443e-01
4.8656582031250000e+03	9.9546819925308228e-01
4.8661323242187500e+03	9.9408698081970215e-01
4.8666064453125000e+03	9.9253040552139282e-01
4.8670810546875000e+03	9.9080193042755127e-01
4.8675551757812500e+03	9.8890483379364014e-01
4.8680292968750000e+03	9.8684287071228027e-01
4.8685039062500000e+03	9.8462015390396118e-01
4.8689780273437500e+03	9.8224043846130371e-01
4.8694526367187500e+03	9.7970789670944214e-01
4.8699267578125000e+03	9.7702711820602417e-01
4.8704013671875000e+03	9.7420257329940796e-01
4.8708759765625000e+03	9.7123861312866211e-01
4.8713505859375000e+03	9.6814030408859253e-01
4.8718251953125000e+03	9.6491235494613647e-01
4.8722998046875000e+03	9.6155983209609985e-01
4.8727749023437500e+03	9.5808762311935425e-01
4.8732495117187500e+03	9.5450097322463989e-01
4.8737241210937500e+03	9.5080506801605225e-01
4.8741992187500000e+03	9.4700503349304199e-01
4.8746743164062500e+03	9.4310611486434937e-01
4.8751489257812500e+03	9.3911361694335938e-01
4.8756240234375000e+03	9.3503284454345703e-01
4.8760991210937500e+03	9.3086916208267212e-01
4.8765742187500000e+03	9.2662781476974487e-01
4.8770493164062500e+03	9.2231398820877075e-01
4.8775249023437500e+03	9.1793483495712280e-01
4.8780000000000000e+03	9.1349196434020996e-01
4.8784750976562500e+03	9.0899235010147095e-01
4.8789506835937500e+03	9.0444117784500122e-01
4.8794257812500000e+03	8.9984321594238281e-01
4.8799013671875000e+03	8.9520370960235596e-01
4.8803769531250000e+03	8.9052712917327881e-01
4.8808525390625000e+03	8.8581871986389160e-01
4.8813281250000000e+03	8.8108295202255249e-01
4.8818037109375000e+03	8.7632435560226440e-01
4.8822792968750000e+03	8.7154763936996460e-01
4.8827548828125000e+03	8.6675685644149780e-01
4.8832309570312500e+03	8.6195641756057739e-01
4.8837065429687500e+03	8.5715055465698242e-01
4.8841826171875000e+03	8.5234302282333374e-01
4.8846582031250000e+03	8.4753775596618652e-01
4.8851342773437500e+03	8.4273868799209595e-01
4.8856103515625000e+03	8.3794909715652466e-01
4.8860864257812500e+03	8.3317244052886963e-01
4.8865625000000000e+03	8.2841217517852783e-01
4.8870385742187500e+03	8.2367128133773804e-01
4.8875146484375000e+03	8.1895291805267334e-01
4.8879907226562500e+03	8.1425982713699341e-01
4.8884672851562500e+03	8.0959481000900269e-01
4.8889433593750000e+03	8.0496031045913696e-01
4.8894199218750000e+03	8.0035871267318726e-01
4.8898964843750000e+03	7.9579228162765503e-01
4.8903725585937500e+03	7.9126334190368652e-01
4.8908491210937500e+03	7.8677368164062500e-01
4.8913256835937500e+03	7.8232508897781372e-01
4.8918022460937500e+03	7.7791929244995117e-01
4.8922792968750000e+03	7.7355796098709106e-01
4.8927558593750000e+03	7.6924234628677368e-01
4.8932324218750000e+03	7.6497399806976318e-01
4.8937094726562500e+03	7.6075363159179688e-01
4.8941860351562500e+03	7.5658267736434937e-01
4.8946630859375000e+03	7.5246173143386841e-01
4.8951401367187500e+03	7.4839186668395996e-01
4.8956166992187500e+03	7.4437367916107178e-01
4.8960937500000000e+03	7.4040764570236206e-01
4.8965708007812500e+03	7.3649430274963379e-01
4.8970478515625000e+03	7.3263400793075562e-01
4.8975253906250000e+03	7.2882699966430664e-01
4.8980024414062500e+03	7.2507339715957642e-01
4.8984794921875000e+03	7.2137337923049927e-01
4.8989570312500000e+03	7.1772682666778564e-01
4.8994340820312500e+03	7.1413379907608032e-01
4.8999116210937500e+03	7.1059393882751465e-01
4.9003891601562500e+03	7.0710724592208862e-01
4.9008666992187500e+03	7.0367318391799927e-01
4.9013442382812500e+03	7.0029145479202271e-01
4.9018217773437500e+03	6.9696164131164551e-01
4.9022993164062500e+03	6.9368326663970947e-01
4.9027768554687500e+03	6.9045585393905640e-01
4.9032548828125000e+03	6.8727868795394897e-01
4.9037324218750000e+03	6.8415099382400513e-01
4.9042104492187500e+03	6.8107235431671143e-01
4.9046879882812500e+03	6.7804187536239624e-01
4.9051660156250000e+03	6.7505878210067749e-01
4.9056440429687500e+03	6.7212229967117310e-01
4.9061220703125000e+03	6.6923159360885620e-01
4.9066000976562500e+03	6.6638565063476562e-01
4.9070781250000000e+03	6.6358375549316406e-01
4.9075561523437500e+03	6.6082483530044556e-01
4.9080341796875000e+03	6.5810799598693848e-01
4.9085126953125000e+03	6.5543216466903687e-01
4.9089907226562500e+03	6.5279632806777954e-01
4.9094692382812500e+03	6.5019941329956055e-01
4.9099477539062500e+03	6.4764040708541870e-01
4.9104257812500000e+03	6.4511829614639282e-01
4.9109042968750000e+03	6.4263176918029785e-01
4.9113828125000000e+03	6.4017981290817261e-01
4.9118613281250000e+03	6.3776135444641113e-01
4.9123403320312500e+03	6.3537502288818359e-01
4.9128188476562500e+03	6.3301980495452881e-01
4.9132973632812500e+03	6.3069444894790649e-01
4.9137763671875000e+03	6.2839776277542114e-01
4.9142548828125000e+03	6.2612843513488770e-01
4.9147338867187500e+03	6.2388527393341064e-01
4.9152128906250000e+03	6.2166720628738403e-01
4.9156914062500000e+03	6.1947268247604370e-01
4.9161704101562500e+03	6.1730062961578369e-01
4.9166494140625000e+03	6.1514967679977417e-01
4.9171284179687500e+03	6.1301869153976440e-01
4.9176079101562500e+03	6.1090612411499023e-01
4.9180869140625000e+03	6.0881108045578003e-01
4.9185659179687500e+03	6.0673207044601440e-01
4.9190454101562500e+03	6.0466772317886353e-01
4.9195249023437500e+03	6.0261708498001099e-01
4.9200039062500000e+03	6.0057854652404785e-01
4.9204833984375000e+03	5.9855115413665771e-01
4.9209628906250000e+03	5.9653359651565552e-01
4.9214423828125000e+03	5.9452474117279053e-01
4.9219218750000000e+03	5.9252333641052246e-01
4.9224013671875000e+03	5.9052830934524536e-01
4.9228808593750000e+03	5.8853846788406372e-01
4.9233608398437500e+03	5.8655285835266113e-01
4.9238403320312500e+03	5.8457034826278687e-01
4.9243203125000000e+03	5.8259004354476929e-01
4.9247998046875000e+03	5.8061087131500244e-01
4.9252797851562500e+03	5.7863205671310425e-01
4.9257597656250000e+03	5.7665276527404785e-01
4.9262397460937500e+03	5.7467210292816162e-01
4.9267197265625000e+03	5.7268792390823364e-01
4.9271997070312500e+03	5.7070273160934448e-01
4.9276796875000000e+03	5.6871426105499268e-01
4.9281601562500000e+03	5.6672215461730957e-01
4.9286401367187500e+03	5.6472569704055786e-01
4.9291206054687500e+03	5.6272476911544800e-01
4.9296005859375000e+03	5.6071889400482178e-01
4.9300810546875000e+03	5.5870795249938965e-01
4.9305615234375000e+03	5.5669182538986206e-01
4.9310419921875000e+03	5.5467045307159424e-01
4.9315224609375000e+03	5.5264377593994141e-01
4.9320029296875000e+03	5.5061203241348267e-01
4.9324833984375000e+03	5.4857528209686279e-01
4.9329638671875000e+03	5.4653394222259521e-01
4.9334448242187500e+03	5.4448813199996948e-01
4.9339252929687500e+03	5.4243850708007812e-01
4.9344062500000000e+03	5.4038542509078979e-01
4.9348867187500000e+03	5.3832948207855225e-01
4.9353676757812500e+03	5.3627127408981323e-01
4.9358486328125000e+03	5.3421151638031006e-01
4.9363295898437500e+03	5.3215110301971436e-01
4.9368105468750000e+03	5.3009068965911865e-01
4.9372915039062500e+03	5.2803122997283936e-01
4.9377724609375000e+03	5.2597355842590332e-01
4.9382539062500000e+03	5.2391874790191650e-01
4.9387348632812500e+03	5.2186787128448486e-01
4.9392163085937500e+03	5.1982182264328003e-01
4.9396972656250000e+03	5.1778173446655273e-01
4.9401787109375000e+03	5.1574873924255371e-01
4.9406601562500000e+03	5.1372402906417847e-01
4.9411416015625000e+03	5.1170855760574341e-01
4.9416230468750000e+03	5.0970369577407837e-01
4.9421044921875000e+03	5.0771057605743408e-01
4.9425859375000000e+03	5.0573021173477173e-01
4.9430673828125000e+03	5.0376379489898682e-01
4.9435493164062500e+03	5.0181263685226440e-01
4.9440307617187500e+03	4.9987775087356567e-01
4.9445126953125000e+03	4.9796023964881897e-01
4.9449946289062500e+03	4.9606129527091980e-01
4.9454760742187500e+03	4.9418193101882935e-01
4.9459580078125000e+03	4.9232321977615356e-01
4.9464399414062500e+03	4.9048608541488647e-01
4.9469218750000000e+03	4.8867166042327881e-01
4.9474038085937500e+03	4.8688074946403503e-01
4.9478862304687500e+03	4.8511427640914917e-01
4.9483681640625000e+03	4.8337325453758240e-01
4.9488505859375000e+03	4.8165827989578247e-01
4.9493325195312500e+03	4.7997030615806580e-01
4.9498149414062500e+03	4.7830989956855774e-01
4.9502968750000000e+03	4.7667789459228516e-01
4.9507792968750000e+03	4.7507479786872864e-01
4.9512617187500000e+03	4.7350123524665833e-01
4.9517441406250000e+03	4.7195777297019958e-01
4.9522265625000000e+03	4.7044488787651062e-01
4.9527094726562500e+03	4.6896296739578247e-01
4.9531918945312500e+03	4.6751251816749573e-01
4.9536743164062500e+03	4.6609380841255188e-01
4.9541572265625000e+03	4.6470719575881958e-01
4.9546396484375000e+03	4.6335291862487793e-01
4.9551225585937500e+03	4.6203115582466125e-01
4.9556054687500000e+03	4.6074223518371582e-01
4.9560883789062500e+03	4.5948615670204163e-01
4.9565712890625000e+03	4.5826315879821777e-01
4.9570541992187500e+03	4.5707327127456665e-01
4.9575371093750000e+03	4.5591649413108826e-01
4.9580200195312500e+03	4.5479291677474976e-01
4.9585034179687500e+03	4.5370250940322876e-01
4.9589863281250000e+03	4.5264521241188049e-01
4.9594697265625000e+03	4.5162108540534973e-01
4.9599531250000000e+03	4.5062988996505737e-01
4.9604360351562500e+03	4.4967156648635864e-01
4.9609194335937500e+03	4.4874599575996399e-01
4.9614028320312500e+03	4.4785305857658386e-01
4.9618862304687500e+03	4.4699260592460632e-01
4.9623696289062500e+03	4.4616439938545227e-01
4.9628535156250000e+03	4.4536682963371277e-01
4.9633369140625000e+03	4.4460275769233704e-01
4.9638203125000000e+03	4.4387036561965942e-01
4.9643041992187500e+03	4.4316944479942322e-01
4.9647880859375000e+03	4.4249969720840454e-01
4.9652714843750000e+03	4.4186100363731384e-01
4.9657553710937500e+03	4.4125291705131531e-01
4.9662392578125000e+03	4.4067537784576416e-01
4.9667231445312500e+03	4.4012799859046936e-01
4.9672070312500000e+03	4.3961060047149658e-01
4.9676909179687500e+03	4.3912282586097717e-01
4.9681752929687500e+03	4.3866440653800964e-01
4.9686591796875000e+03	4.3823507428169250e-01
4.9691435546875000e+03	4.3783453106880188e-01
4.9696274414062500e+03	4.3746250867843628e-01
4.9701118164062500e+03	4.3711867928504944e-01
4.9705961914062500e+03	4.3680268526077271e-01
4.9710805664062500e+03	4.3651428818702698e-01
4.9715649414062500e+03	4.3625301122665405e-01
4.9720493164062500e+03	4.3601867556571960e-01
4.9725336914062500e+03	4.3581095337867737e-01
4.9730180664062500e+03	4.3562939763069153e-01
4.9735024414062500e+03	4.3547371029853821e-01
4.9739873046875000e+03	4.3534356355667114e-01
4.9744716796875000e+03	4.3523848056793213e-01
4.9749565429687500e+03	4.3515822291374207e-01
4.9754414062500000e+03	4.3510228395462036e-01
4.9759262695312500e+03	4.3507042527198792e-01
4.9764111328125000e+03	4.3506208062171936e-01
4.9768959960937500e+03	4.3507683277130127e-01
4.9773808593750000e+03	4.3511444330215454e-01
4.9778657226562500e+03	4.3517428636550903e-01
4.9783510742187500e+03	4.3525609374046326e-01
4.9788359375000000e+03	4.3535917997360229e-01
4.9793208007812500e+03	4.3548330664634705e-01
4.9798061523437500e+03	4.3562793731689453e-01
4.9802915039062500e+03	4.3579241633415222e-01
4.9807768554687500e+03	4.3597650527954102e-01
4.9812622070312500e+03	4.3617948889732361e-01
4.9817475585937500e+03	4.3640092015266418e-01
4.9822329101562500e+03	4.3664032220840454e-01
4.9827182617187500e+03	4.3689700961112976e-01
4.9832036132812500e+03	4.3717056512832642e-01
4.9836894531250000e+03	4.3746030330657959e-01
4.9841748046875000e+03	4.3776580691337585e-01
4.9846606445312500e+03	4.3808633089065552e-01
4.9851459960937500e+03	4.3842130899429321e-01
4.9856318359375000e+03	4.3877017498016357e-01
4.9861176757812500e+03	4.3913233280181885e-01
4.9866035156250000e+03	4.3950712680816650e-01
4.9870893554687500e+03	4.3989387154579163e-01
4.9875751953125000e+03	4.4029200077056885e-01
4.9880615234375000e+03	4.4070085883140564e-01
4.9885473632812500e+03	4.4111987948417664e-01
4.9890332031250000e+03	4.4154837727546692e-01
4.9895195312500000e+03	4.4198557734489441e-01
4.9900058593750000e+03	4.4243097305297852e-01
4.9904916992187500e+03	4.4288384914398193e-01
4.9909780273437500e+03	4.4334360957145691e-01
4.9914643554687500e+03	4.4380962848663330e-01
4.9919506835937500e+03	4.4428119063377380e-01
4.9924375000000000e+03	4.4475775957107544e-01
4.9929238281250000e+03	4.4523867964744568e-01
4.9934101562500000e+03	4.4572329521179199e-01
4.9938969726562500e+03	4.4621109962463379e-01
4.9943833007812500e+03	4.4670134782791138e-01
4.9948701171875000e+03	4.4719359278678894e-01
4.9953564453125000e+03	4.4768720865249634e-01
4.9958432617187500e+03	4.4818171858787537e-01
4.9963300781250000e+03	4.4867634773254395e-01
4.9968168945312500e+03	4.4917079806327820e-01
4.9973037109375000e+03	4.4966447353363037e-01
4.9977910156250000e+03	4.5015683770179749e-01
4.9982778320312500e+03	4.5064756274223328e-01
4.9987646484375000e+03	4.5113593339920044e-01
4.9992519531250000e+03	4.5162162184715271e-01
4.9997387695312500e+03	4.5210421085357666e-01
5.0002260742187500e+03	4.5258313417434692e-01
5.0007133789062500e+03	4.5305812358856201e-01
5.0012006835937500e+03	4.5352876186370850e-01
5.0016879882812500e+03	4.5399451255798340e-01
5.0021752929687500e+03	4.5445510745048523e-01
5.0026625976562500e+03	4.5491021871566772e-01
5.0031499023437500e+03	4.5535928010940552e-01
5.0036376953125000e+03	4.5580214262008667e-01
5.0041250000000000e+03	4.5623824000358582e-01
5.0046127929687500e+03	4.5666730403900146e-01
5.0051005859375000e+03	4.5708903670310974e-01
5.0055878906250000e+03	4.5750293135643005e-01
5.0060756835937500e+03	4.5790871977806091e-01
5.0065634765625000e+03	4.5830601453781128e-01
5.0070512695312500e+03	4.5869439840316772e-01
5.0075390625000000e+03	4.5907345414161682e-01
5.0080273437500000e+03	4.5944285392761230e-01
5.0085151367187500e+03	4.5980215072631836e-01
5.0090029296875000e+03	4.6015086770057678e-01
5.0094912109375000e+03	4.6048864722251892e-01
5.0099794921875000e+03	4.6081495285034180e-01
5.0104672851562500e+03	4.6112936735153198e-01
5.0109555664062500e+03	4.6143129467964172e-01
5.0114438476562500e+03	4.6172034740447998e-01
5.0119321289062500e+03	4.6199586987495422e-01
5.0124204101562500e+03	4.6225750446319580e-01
5.0129091796875000e+03	4.6250441670417786e-01
5.0133974609375000e+03	4.6273624897003174e-01
5.0138857421875000e+03	4.6295231580734253e-01
5.0143745117187500e+03	4.6315196156501770e-01
5.0148632812500000e+03	4.6333464980125427e-01
5.0153515625000000e+03	4.6349966526031494e-01
5.0158403320312500e+03	4.6364650130271912e-01
5.0163291015625000e+03	4.6377429366111755e-01
5.0168178710937500e+03	4.6388259530067444e-01
5.0173066406250000e+03	4.6397066116333008e-01
5.0177954101562500e+03	4.6403786540031433e-01
5.0182846679687500e+03	4.6408355236053467e-01
5.0187734375000000e+03	4.6410703659057617e-01
5.0192626953125000e+03	4.6410784125328064e-01
5.0197514648437500e+03	4.6408525109291077e-01
5.0202407226562500e+03	4.6403869986534119e-01
5.0207299804687500e+03	4.6396765112876892e-01
5.0212192382812500e+03	4.6387165784835815e-01
5.0217084960937500e+03	4.6375009417533875e-01
5.0221977539062500e+03	4.6360260248184204e-01
5.0226870117187500e+03	4.6342870593070984e-01
5.0231762695312500e+03	4.6322807669639587e-01
5.0236655273437500e+03	4.6300041675567627e-01
5.0241552734375000e+03	4.6274536848068237e-01
5.0246450195312500e+03	4.6246281266212463e-01
5.0251342773437500e+03	4.6215245127677917e-01
5.0256240234375000e+03	4.6181437373161316e-01
5.0261137695312500e+03	4.6144843101501465e-01
5.0266035156250000e+03	4.6105462312698364e-01
5.0270932617187500e+03	4.6063312888145447e-01
5.0275830078125000e+03	4.6018391847610474e-01
5.0280727539062500e+03	4.5970743894577026e-01
5.0285629882812500e+03	4.5920380949974060e-01
5.0290527343750000e+03	4.5867338776588440e-01
5.0295429687500000e+03	4.5811673998832703e-01
5.0300327148437500e+03	4.5753413438796997e-01
5.0305229492187500e+03	4.5692613720893860e-01
5.0310131835937500e+03	4.5629349350929260e-01
5.0315034179687500e+03	4.5563668012619019e-01
5.0319936523437500e+03	4.5495659112930298e-01
5.0324838867187500e+03	4.5425382256507874e-01
5.0329741210937500e+03	4.5352929830551147e-01
5.0334648437500000e+03	4.5278385281562805e-01
5.0339550781250000e+03	4.5201838016510010e-01
5.0344458007812500e+03	4.5123389363288879e-01
5.0349360351562500e+03	4.5043125748634338e-01
5.0354267578125000e+03	4.4961154460906982e-01
5.0359174804687500e+03	4.4877579808235168e-01
5.0364082031250000e+03	4.4792515039443970e-01
5.0368989257812500e+03	4.4706058502197266e-01
5.0373896484375000e+03	4.4618332386016846e-01
5.0378803710937500e+03	4.4529438018798828e-01
5.0383710937500000e+03	4.4439485669136047e-01
5.0388623046875000e+03	4.4348597526550293e-01
5.0393530273437500e+03	4.4256880879402161e-01
5.0398442382812500e+03	4.4164445996284485e-01
5.0403354492187500e+03	4.4071403145790100e-01
5.0408261718750000e+03	4.3977859616279602e-01
5.0413173828125000e+03	4.3883928656578064e-01
5.0418085937500000e+03	4.3789714574813843e-01
5.0422998046875000e+03	4.3695315718650818e-01
5.0427915039062500e+03	4.3600839376449585e-01
5.0432827148437500e+03	4.3506377935409546e-01
5.0437739257812500e+03	4.3412032723426819e-01
5.0442656250000000e+03	4.3317887187004089e-01
5.0447568359375000e+03	4.3224033713340759e-01
5.0452485351562500e+03	4.3130561709403992e-01
5.0457402343750000e+03	4.3037542700767517e-01
5.0462319335937500e+03	4.2945066094398499e-01
5.0467236328125000e+03	4.2853191494941711e-01
5.0472153320312500e+03	4.2761990427970886e-01
5.0477070312500000e+03	4.2671543359756470e-01
5.0481987304687500e+03	4.2581894993782043e-01
5.0486909179687500e+03	4.2493107914924622e-01
5.0491826171875000e+03	4.2405241727828979e-01
5.0496748046875000e+03	4.2318338155746460e-01
5.0501665039062500e+03	4.2232450842857361e-01
5.0506586914062500e+03	4.2147612571716309e-01
5.0511508789062500e+03	4.2063868045806885e-01
5.0516430664062500e+03	4.1981250047683716e-01
5.0521352539062500e+03	4.1899791359901428e-01
5.0526274414062500e+03	4.1819524765014648e-01
5.0531196289062500e+03	4.1740471124649048e-01
5.0536123046875000e+03	4.1662648320198059e-01
5.0541044921875000e+03	4.1586074233055115e-01
5.0545971679687500e+03	4.1510778665542603e-01
5.0550893554687500e+03	4.1436764597892761e-01
5.0555820312500000e+03	4.1364037990570068e-01
5.0560747070312500e+03	4.1292622685432434e-01
5.0565673828125000e+03	4.1222512722015381e-01
5.0570600585937500e+03	4.1153711080551147e-01
5.0575527343750000e+03	4.1086071729660034e-01
5.0580454101562500e+03	4.1019910573959351e-01
5.0585385742187500e+03	4.0955066680908203e-01
5.0590312500000000e+03	4.0891522169113159e-01
5.0595244140625000e+03	4.0829291939735413e-01
5.0600170898437500e+03	4.0768349170684814e-01
5.0605102539062500e+03	4.0708696842193604e-01
5.0610034179687500e+03	4.0650317072868347e-01
5.0614965820312500e+03	4.0593206882476807e-01
5.0619897460937500e+03	4.0537354350090027e-01
5.0624829101562500e+03	4.0482732653617859e-01
5.0629760742187500e+03	4.0429344773292542e-01
5.0634697265625000e+03	4.0377160906791687e-01
5.0639628906250000e+03	4.0326178073883057e-01
5.0644565429687500e+03	4.0276372432708740e-01
5.0649497070312500e+03	4.0227720141410828e-01
5.0654433593750000e+03	4.0180212259292603e-01
5.0659370117187500e+03	4.0133827924728394e-01
5.0664306640625000e+03	4.0088540315628052e-01
5.0669243164062500e+03	4.0044337511062622e-01
5.0674179687500000e+03	4.0001192688941956e-01
5.0679116210937500e+03	3.9959082007408142e-01
5.0684052734375000e+03	3.9917838573455811e-01
5.0688994140625000e+03	3.9877751469612122e-01
5.0693930664062500e+03	3.9838632941246033e-01
5.0698872070312500e+03	3.9800468087196350e-01
5.0703813476562500e+03	3.9763233065605164e-01
5.0708750000000000e+03	3.9726898074150085e-01
5.0713691406250000e+03	3.9691442251205444e-01
5.0718632812500000e+03	3.9656856656074524e-01
5.0723574218750000e+03	3.9623102545738220e-01
5.0728520507812500e+03	3.9590167999267578e-01
5.0733461914062500e+03	3.9558020234107971e-01
5.0738403320312500e+03	3.9526650309562683e-01
5.0743349609375000e+03	3.9496037364006042e-01
5.0748291015625000e+03	3.9466151595115662e-01
5.0753237304687500e+03	3.9436981081962585e-01
5.0758183593750000e+03	3.9408507943153381e-01
5.0763129882812500e+03	3.9380705356597900e-01
5.0768076171875000e+03	3.9353558421134949e-01
5.0773022460937500e+03	3.9327061176300049e-01
5.0777968750000000e+03	3.9301180839538574e-01
5.0782915039062500e+03	3.9275905489921570e-01
5.0787866210937500e+03	3.9251229166984558e-01
5.0792812500000000e+03	3.9227133989334106e-01
5.0797763671875000e+03	3.9203611016273499e-01
5.0802709960937500e+03	3.9180639386177063e-01
5.0807661132812500e+03	3.9158213138580322e-01
5.0812612304687500e+03	3.9136323332786560e-01
5.0817563476562500e+03	3.9114958047866821e-01
5.0822514648437500e+03	3.9094108343124390e-01
5.0827465820312500e+03	3.9073780179023743e-01
5.0832416992187500e+03	3.9053946733474731e-01
5.0837373046875000e+03	3.9034619927406311e-01
5.0842324218750000e+03	3.9015778899192810e-01
5.0847280273437500e+03	3.8997438549995422e-01
5.0852231445312500e+03	3.8979572057723999e-01
5.0857187500000000e+03	3.8962206244468689e-01
5.0862143554687500e+03	3.8945314288139343e-01
5.0867099609375000e+03	3.8928905129432678e-01
5.0872055664062500e+03	3.8912972807884216e-01
5.0877011718750000e+03	3.8897526264190674e-01
5.0881972656250000e+03	3.8882550597190857e-01
5.0886928710937500e+03	3.8868057727813721e-01
5.0891884765625000e+03	3.8854047656059265e-01
5.0896845703125000e+03	3.8840517401695251e-01
5.0901806640625000e+03	3.8827466964721680e-01
5.0906762695312500e+03	3.8814896345138550e-01
5.0911723632812500e+03	3.8802811503410339e-01
5.0916684570312500e+03	3.8791203498840332e-01
5.0921645507812500e+03	3.8780081272125244e-01
5.0926606445312500e+03	3.8769438862800598e-01
5.0931572265625000e+03	3.8759279251098633e-01
5.0936533203125000e+03	3.8749608397483826e-01
5.0941494140625000e+03	3.8740414381027222e-01
5.0946459960937500e+03	3.8731697201728821e-01
5.0951425781250000e+03	3.8723456859588623e-01
5.0956386718750000e+03	3.8715687394142151e-01
5.0961352539062500e+03	3.8708391785621643e-01
5.0966318359375000e+03	3.8701567053794861e-01
5.0971284179687500e+03	3.8695201277732849e-01
5.0976250000000000e+03	3.8689294457435608e-01
5.0981220703125000e+03	3.8683846592903137e-01
5.0986186523437500e+03	3.8678842782974243e-01
5.0991152343750000e+03	3.8674277067184448e-01
5.0996123046875000e+03	3.8670152425765991e-01
5.1001088867187500e+03	3.8666445016860962e-01
5.1006059570312500e+03	3.8663157820701599e-01
5.1011030273437500e+03	3.8660284876823425e-01
5.1016000976562500e+03	3.8657808303833008e-01
5.1020971679687500e+03	3.8655728101730347e-01
5.1025942382812500e+03	3.8654026389122009e-01
5.1030913085937500e+03	3.8652694225311279e-01
5.1035888671875000e+03	3.8651728630065918e-01
5.1040859375000000e+03	3.8651114702224731e-01
5.1045834960937500e+03	3.8650831580162048e-01
5.1050805664062500e+03	3.8650885224342346e-01
5.1055781250000000e+03	3.8651251792907715e-01
5.1060756835937500e+03	3.8651928305625916e-01
5.1065732421875000e+03	3.8652899861335754e-01
5.1070708007812500e+03	3.8654160499572754e-01
5.1075683593750000e+03	3.8655692338943481e-01
5.1080659179687500e+03	3.8657489418983459e-01
5.1085634765625000e+03	3.8659542798995972e-01
5.1090615234375000e+03	3.8661834597587585e-01
5.1095590820312500e+03	3.8664361834526062e-01
5.1100571289062500e+03	3.8667109608650208e-01
5.1105551757812500e+03	3.8670074939727783e-01
5.1110532226562500e+03	3.8673245906829834e-01
5.1115507812500000e+03	3.8676616549491882e-01
5.1120488281250000e+03	3.8680177927017212e-01
5.1125473632812500e+03	3.8683912158012390e-01
5.1130454101562500e+03	3.8687831163406372e-01
5.1135434570312500e+03	3.8691914081573486e-01
5.1140419921875000e+03	3.8696154952049255e-01
5.1145400390625000e+03	3.8700559735298157e-01
5.1150385742187500e+03	3.8705104589462280e-01
5.1155366210937500e+03	3.8709801435470581e-01
5.1160351562500000e+03	3.8714632391929626e-01
5.1165336914062500e+03	3.8719600439071655e-01
5.1170322265625000e+03	3.8724699616432190e-01
5.1175307617187500e+03	3.8729929924011230e-01
5.1180292968750000e+03	3.8735282421112061e-01
5.1185283203125000e+03	3.8740754127502441e-01
5.1190268554687500e+03	3.8746351003646851e-01
5.1195258789062500e+03	3.8752058148384094e-01
5.1200244140625000e+03	3.8757890462875366e-01
5.1205234375000000e+03	3.8763824105262756e-01
5.1210224609375000e+03	3.8769870996475220e-01
5.1215214843750000e+03	3.8776028156280518e-01
5.1220205078125000e+03	3.8782295584678650e-01
5.1225195312500000e+03	3.8788667321205139e-01
5.1230185546875000e+03	3.8795146346092224e-01
5.1235175781250000e+03	3.8801726698875427e-01
5.1240170898437500e+03	3.8808417320251465e-01
5.1245161132812500e+03	3.8815212249755859e-01
5.1250156250000000e+03	3.8822108507156372e-01
5.1255151367187500e+03	3.8829109072685242e-01
5.1260141601562500e+03	3.8836219906806946e-01
5.1265136718750000e+03	3.8843435049057007e-01
5.1270131835937500e+03	3.8850757479667664e-01
5.1275126953125000e+03	3.8858181238174438e-01
5.1280126953125000e+03	3.8865718245506287e-01
5.1285122070312500e+03	3.8873365521430969e-01
5.1290117187500000e+03	3.8881123065948486e-01
5.1295117187500000e+03	3.8889005780220032e-01
5.1300112304687500e+03	3.8896998763084412e-01
5.1305112304687500e+03	3.8905110955238342e-01
5.1310112304687500e+03	3.8913348317146301e-01
5.1315112304687500e+03	3.8921716809272766e-01
5.1320112304687500e+03	3.8930228352546692e-01
5.1325112304687500e+03	3.8938868045806885e-01
5.1330112304687500e+03	3.8947659730911255e-01
5.1335112304687500e+03	3.8956606388092041e-01
5.1340117187500000e+03	3.8965708017349243e-01
5.1345117187500000e+03	3.8974982500076294e-01
5.1350122070312500e+03	3.8984435796737671e-01
5.1355126953125000e+03	3.8994082808494568e-01
5.1360126953125000e+03	3.9003923535346985e-01
5.1365131835937500e+03	3.9013969898223877e-01
5.1370136718750000e+03	3.9024239778518677e-01
5.1375141601562500e+03	3.9034748077392578e-01
5.1380151367187500e+03	3.9045503735542297e-01
5.1385156250000000e+03	3.9056521654129028e-01
5.1390161132812500e+03	3.9067810773849487e-01
5.1395170898437500e+03	3.9079397916793823e-01
5.1400175781250000e+03	3.9091292023658752e-01
5.1405185546875000e+03	3.9103513956069946e-01
5.1410195312500000e+03	3.9116066694259644e-01
5.1415205078125000e+03	3.9128991961479187e-01
5.1420214843750000e+03	3.9142286777496338e-01
5.1425224609375000e+03	3.9155983924865723e-01
5.1430234375000000e+03	3.9170089364051819e-01
5.1435244140625000e+03	3.9184626936912537e-01
5.1440258789062500e+03	3.9199617505073547e-01
5.1445268554687500e+03	3.9215072989463806e-01
5.1450283203125000e+03	3.9231014251708984e-01
5.1455297851562500e+03	3.9247456192970276e-01
5.1460307617187500e+03	3.9264416694641113e-01
5.1465322265625000e+03	3.9281910657882690e-01
5.1470336914062500e+03	3.9299958944320679e-01
5.1475351562500000e+03	3.9318564534187317e-01
5.1480366210937500e+03	3.9337751269340515e-01
5.1485385742187500e+03	3.9357525110244751e-01
5.1490400390625000e+03	3.9377900958061218e-01
5.1495419921875000e+03	3.9398875832557678e-01
5.1500434570312500e+03	3.9420467615127563e-01
5.1505454101562500e+03	3.9442679286003113e-01
5.1510473632812500e+03	3.9465507864952087e-01
5.1515493164062500e+03	3.9488962292671204e-01
5.1520512695312500e+03	3.9513033628463745e-01
5.1525532226562500e+03	3.9537721872329712e-01
5.1530551757812500e+03	3.9563018083572388e-01
5.1535571289062500e+03	3.9588913321495056e-01
5.1540595703125000e+03	3.9615255594253540e-01
5.1545615234375000e+03	3.9642322063446045e-01
5.1550639648437500e+03	3.9669954776763916e-01
5.1555659179687500e+03	3.9698120951652527e-01
5.1560683593750000e+03	3.9726793766021729e-01
5.1565708007812500e+03	3.9755961298942566e-01
5.1570732421875000e+03	3.9785584807395935e-01
5.1575756835937500e+03	3.9815631508827209e-01
5.1580781250000000e+03	3.9846071600914001e-01
5.1585810546875000e+03	3.9876863360404968e-01
5.1590834960937500e+03	3.9907968044281006e-01
5.1595864257812500e+03	3.9939346909523010e-01
5.1600888671875000e+03	3.9970943331718445e-01
5.1605917968750000e+03	4.0002715587615967e-01
5.1610947265625000e+03	4.0034613013267517e-01
5.1615976562500000e+03	4.0066587924957275e-01
5.1621005859375000e+03	4.0098574757575989e-01
5.1626035156250000e+03	4.0130528807640076e-01
5.1631064453125000e+03	4.0162381529808044e-01
5.1636093750000000e+03	4.0194079279899597e-01
5.1641127929687500e+03	4.0225556492805481e-01
5.1646157226562500e+03	4.0256765484809875e-01
5.1651191406250000e+03	4.0287625789642334e-01
5.1656225585937500e+03	4.0318089723587036e-01
5.1661254882812500e+03	4.0348085761070251e-01
5.1666289062500000e+03	4.0377557277679443e-01
5.1671323242187500e+03	4.0406441688537598e-01
5.1676357421875000e+03	4.0434679388999939e-01
5.1681396484375000e+03	4.0462207794189453e-01
5.1686430664062500e+03	4.0488970279693604e-01
5.1691464843750000e+03	4.0514913201332092e-01
5.1696503906250000e+03	4.0539979934692383e-01
5.1701538085937500e+03	4.0564122796058655e-01
5.1706577148437500e+03	4.0587279200553894e-01
5.1711616210937500e+03	4.0609422326087952e-01
5.1716655273437500e+03	4.0630492568016052e-01
5.1721694335937500e+03	4.0650454163551331e-01
5.1726733398437500e+03	4.0669271349906921e-01
5.1731772460937500e+03	4.0686908364295959e-01
5.1736816406250000e+03	4.0703335404396057e-01
5.1741855468750000e+03	4.0718522667884827e-01
5.1746894531250000e+03	4.0732461214065552e-01
5.1751938476562500e+03	4.0745121240615845e-01
5.1756982421875000e+03	4.0756493806838989e-01
5.1762026367187500e+03	4.0766558051109314e-01
5.1767070312500000e+03	4.0775319933891296e-01
5.1772114257812500e+03	4.0782773494720459e-01
5.1777158203125000e+03	4.0788918733596802e-01
5.1782202148437500e+03	4.0793764591217041e-01
5.1787246093750000e+03	4.0797320008277893e-01
5.1792294921875000e+03	4.0799593925476074e-01
5.1797338867187500e+03	4.0800601243972778e-01
5.1802387695312500e+03	4.0800368785858154e-01
5.1807436523437500e+03	4.0798917412757874e-01
5.1812480468750000e+03	4.0796267986297607e-01
5.1817529296875000e+03	4.0792453289031982e-01
5.1822578125000000e+03	4.0787500143051147e-01
5.1827626953125000e+03	4.0781447291374207e-01
5.1832680664062500e+03	4.0774321556091309e-01
5.1837729492187500e+03	4.0766170620918274e-01
5.1842778320312500e+03	4.0757021307945251e-01
5.1847832031250000e+03	4.0746912360191345e-01
5.1852885742187500e+03	4.0735882520675659e-01
5.1857934570312500e+03	4.0723985433578491e-01
5.1862988281250000e+03	4.0711244940757751e-01
5.1868041992187500e+03	4.0697705745697021e-01
5.1873095703125000e+03	4.0683418512344360e-01
5.1878149414062500e+03	4.0668407082557678e-01
5.1883203125000000e+03	4.0652719140052795e-01
5.1888261718750000e+03	4.0636384487152100e-01
5.1893315429687500e+03	4.0619450807571411e-01
5.1898374023437500e+03	4.0601950883865356e-01
5.1903427734375000e+03	4.0583914518356323e-01
5.1908486328125000e+03	4.0565380454063416e-01
5.1913544921875000e+03	4.0546375513076782e-01
5.1918603515625000e+03	4.0526935458183289e-01
5.1923662109375000e+03	4.0507081151008606e-01
5.1928720703125000e+03	4.0486851334571838e-01
5.1933779296875000e+03	4.0466266870498657e-01
5.1938842773437500e+03	4.0445345640182495e-01
5.1943901367187500e+03	4.0424111485481262e-01
5.1948964843750000e+03	4.0402594208717346e-01
5.1954023437500000e+03	4.0380805730819702e-01
5.1959086914062500e+03	4.0358772873878479e-01
5.1964150390625000e+03	4.0336504578590393e-01
5.1969213867187500e+03	4.0314021706581116e-01
5.1974277343750000e+03	4.0291336178779602e-01
5.1979340820312500e+03	4.0268474817276001e-01
5.1984404296875000e+03	4.0245437622070312e-01
5.1989472656250000e+03	4.0222251415252686e-01
5.1994536132812500e+03	4.0198922157287598e-01
5.1999604492187500e+03	4.0175464749336243e-01
5.2004667968750000e+03	4.0151900053024292e-01
5.2009736328125000e+03	4.0128248929977417e-01
5.2014804687500000e+03	4.0104511380195618e-01
5.2019873046875000e+03	4.0080705285072327e-01
5.2024941406250000e+03	4.0056857466697693e-01
5.2030009765625000e+03	4.0032985806465149e-01
5.2035078125000000e+03	4.0009102225303650e-01
5.2040151367187500e+03	3.9985236525535583e-01
5.2045219726562500e+03	3.9961400628089905e-01
5.2050292968750000e+03	3.9937621355056763e-01
5.2055366210937500e+03	3.9913919568061829e-01
5.2060434570312500e+03	3.9890334010124207e-01
5.2065507812500000e+03	3.9866876602172852e-01
5.2070581054687500e+03	3.9843586087226868e-01
5.2075654296875000e+03	3.9820483326911926e-01
5.2080727539062500e+03	3.9797613024711609e-01
5.2085805664062500e+03	3.9774999022483826e-01
5.2090878906250000e+03	3.9752671122550964e-01
5.2095957031250000e+03	3.9730671048164368e-01
5.2101030273437500e+03	3.9709031581878662e-01
5.2106108398437500e+03	3.9687782526016235e-01
5.2111186523437500e+03	3.9666977524757385e-01
5.2116264648437500e+03	3.9646637439727783e-01
5.2121337890625000e+03	3.9626812934875488e-01
5.2126420898437500e+03	3.9607527852058411e-01
5.2131499023437500e+03	3.9588829874992371e-01
5.2136577148437500e+03	3.9570751786231995e-01
5.2141655273437500e+03	3.9553329348564148e-01
5.2146738281250000e+03	3.9536601305007935e-01
5.2151821289062500e+03	3.9520603418350220e-01
5.2156899414062500e+03	3.9505353569984436e-01
5.2161982421875000e+03	3.9490902423858643e-01
5.2167065429687500e+03	3.9477267861366272e-01
5.2172148437500000e+03	3.9464479684829712e-01
5.2177231445312500e+03	3.9452564716339111e-01
5.2182314453125000e+03	3.9441540837287903e-01
5.2187402343750000e+03	3.9431440830230713e-01
5.2192485351562500e+03	3.9422264695167542e-01
5.2197568359375000e+03	3.9414030313491821e-01
5.2202656250000000e+03	3.9406758546829224e-01
5.2207744140625000e+03	3.9400452375411987e-01
5.2212832031250000e+03	3.9395108819007874e-01
5.2217919921875000e+03	3.9390739798545837e-01
5.2223007812500000e+03	3.9387336373329163e-01
5.2228095703125000e+03	3.9384892582893372e-01
5.2233183593750000e+03	3.9383393526077271e-01
5.2238271484375000e+03	3.9382839202880859e-01
5.2243364257812500e+03	3.9383199810981750e-01
5.2248452148437500e+03	3.9384460449218750e-01
5.2253544921875000e+03	3.9386591315269470e-01
5.2258632812500000e+03	3.9389574527740479e-01
5.2263725585937500e+03	3.9393368363380432e-01
5.2268818359375000e+03	3.9397946000099182e-01
5.2273911132812500e+03	3.9403265714645386e-01
5.2279003906250000e+03	3.9409285783767700e-01
5.2284101562500000e+03	3.9415976405143738e-01
5.2289194335937500e+03	3.9423280954360962e-01
5.2294287109375000e+03	3.9431154727935791e-01
5.2299384765625000e+03	3.9439547061920166e-01
5.2304482421875000e+03	3.9448413252830505e-01
5.2309575195312500e+03	3.9457702636718750e-01
5.2314672851562500e+03	3.9467355608940125e-01
5.2319770507812500e+03	3.9477321505546570e-01
5.2324868164062500e+03	3.9487546682357788e-01
5.2329965820312500e+03	3.9497980475425720e-01
5.2335068359375000e+03	3.9508566260337830e-01
5.2340166015625000e+03	3.9519250392913818e-01
5.2345263671875000e+03	3.9529982209205627e-01
5.2350366210937500e+03	3.9540711045265198e-01
5.2355468750000000e+03	3.9551383256912231e-01
5.2360566406250000e+03	3.9561957120895386e-01
5.2365668945312500e+03	3.9572384953498840e-01
5.2370771484375000e+03	3.9582622051239014e-01
5.2375874023437500e+03	3.9592635631561279e-01
5.2380976562500000e+03	3.9602378010749817e-01
5.2386083984375000e+03	3.9611819386482239e-01
5.2391186523437500e+03	3.9620923995971680e-01
5.2396293945312500e+03	3.9629670977592468e-01
5.2401396484375000e+03	3.9638030529022217e-01
5.2406503906250000e+03	3.9645987749099731e-01
5.2411611328125000e+03	3.9653515815734863e-01
5.2416713867187500e+03	3.9660605788230896e-01
5.2421821289062500e+03	3.9667260646820068e-01
5.2426933593750000e+03	3.9673456549644470e-01
5.2432041015625000e+03	3.9679205417633057e-01
5.2437148437500000e+03	3.9684498310089111e-01
5.2442255859375000e+03	3.9689356088638306e-01
5.2447368164062500e+03	3.9693784713745117e-01
5.2452475585937500e+03	3.9697787165641785e-01
5.2457587890625000e+03	3.9701396226882935e-01
5.2462700195312500e+03	3.9704623818397522e-01
5.2467812500000000e+03	3.9707490801811218e-01
5.2472924804687500e+03	3.9710035920143127e-01
5.2478037109375000e+03	3.9712280035018921e-01
5.2483149414062500e+03	3.9714258909225464e-01
5.2488266601562500e+03	3.9716008305549622e-01
5.2493378906250000e+03	3.9717555046081543e-01
5.2498491210937500e+03	3.9718949794769287e-01
5.2503608398437500e+03	3.9720225334167480e-01
5.2508725585937500e+03	3.9721423387527466e-01
5.2513842773437500e+03	3.9722582697868347e-01
5.2518959960937500e+03	3.9723747968673706e-01
5.2524077148437500e+03	3.9724957942962646e-01
5.2529194335937500e+03	3.9726257324218750e-01
5.2534311523437500e+03	3.9727684855461121e-01
5.2539428710937500e+03	3.9729279279708862e-01
5.2544550781250000e+03	3.9731085300445557e-01
5.2549667968750000e+03	3.9733129739761353e-01
5.2554790039062500e+03	3.9735460281372070e-01
5.2559912109375000e+03	3.9738097786903381e-01
5.2565029296875000e+03	3.9741083979606628e-01
5.2570151367187500e+03	3.9744445681571960e-01
5.2575273437500000e+03	3.9748200774192810e-01
5.2580400390625000e+03	3.9752379059791565e-01
5.2585522460937500e+03	3.9757001399993896e-01
5.2590644531250000e+03	3.9762082695960999e-01
5.2595771484375000e+03	3.9767640829086304e-01
5.2600893554687500e+03	3.9773669838905334e-01
5.2606020507812500e+03	3.9780193567276001e-01
5.2611147460937500e+03	3.9787200093269348e-01
5.2616269531250000e+03	3.9794698357582092e-01
5.2621396484375000e+03	3.9802670478820801e-01
5.2626523437500000e+03	3.9811125397682190e-01
5.2631655273437500e+03	3.9820027351379395e-01
5.2636782226562500e+03	3.9829376339912415e-01
5.2641909179687500e+03	3.9839142560958862e-01
5.2647041015625000e+03	3.9849302172660828e-01
5.2652167968750000e+03	3.9859825372695923e-01
5.2657299804687500e+03	3.9870688319206238e-01
5.2662431640625000e+03	3.9881846308708191e-01
5.2667563476562500e+03	3.9893269538879395e-01
5.2672695312500000e+03	3.9904901385307312e-01
5.2677827148437500e+03	3.9916712045669556e-01
5.2682958984375000e+03	3.9928653836250305e-01
5.2688090820312500e+03	3.9940670132637024e-01
5.2693227539062500e+03	3.9952719211578369e-01
5.2698359375000000e+03	3.9964741468429565e-01
5.2703496093750000e+03	3.9976686239242554e-01
5.2708627929687500e+03	3.9988493919372559e-01
5.2713764648437500e+03	4.0000110864639282e-01
5.2718901367187500e+03	4.0011477470397949e-01
5.2724038085937500e+03	4.0022537112236023e-01
5.2729174804687500e+03	4.0033239126205444e-01
5.2734316406250000e+03	4.0043520927429199e-01
5.2739453125000000e+03	4.0053322911262512e-01
5.2744589843750000e+03	4.0062594413757324e-01
5.2749731445312500e+03	4.0071284770965576e-01
5.2754868164062500e+03	4.0079334378242493e-01
5.2760009765625000e+03	4.0086698532104492e-01
5.2765151367187500e+03	4.0093329548835754e-01
5.2770292968750000e+03	4.0099176764488220e-01
5.2775434570312500e+03	4.0104198455810547e-01
5.2780576171875000e+03	4.0108370780944824e-01
5.2785717773437500e+03	4.0111631155014038e-01
5.2790864257812500e+03	4.0113976597785950e-01
5.2796005859375000e+03	4.0115353465080261e-01
5.2801152343750000e+03	4.0115758776664734e-01
5.2806293945312500e+03	4.0115156769752502e-01
5.2811440429687500e+03	4.0113541483879089e-01
5.2816586914062500e+03	4.0110900998115540e-01
5.2821733398437500e+03	4.0107229351997375e-01
5.2826879882812500e+03	4.0102523565292358e-01
5.2832026367187500e+03	4.0096792578697205e-01
5.2837172851562500e+03	4.0090042352676392e-01
5.2842324218750000e+03	4.0082287788391113e-01
5.2847470703125000e+03	4.0073546767234802e-01
5.2852622070312500e+03	4.0063846111297607e-01
5.2857773437500000e+03	4.0053218603134155e-01
5.2862919921875000e+03	4.0041691064834595e-01
5.2868071289062500e+03	4.0029305219650269e-01
5.2873222656250000e+03	4.0016102790832520e-01
5.2878374023437500e+03	4.0002134442329407e-01
5.2883530273437500e+03	3.9987450838088989e-01
5.2888681640625000e+03	3.9972105622291565e-01
5.2893833007812500e+03	3.9956158399581909e-01
5.2898989257812500e+03	3.9939674735069275e-01
5.2904140625000000e+03	3.9922723174095154e-01
5.2909296875000000e+03	3.9905363321304321e-01
5.2914453125000000e+03	3.9887669682502747e-01
5.2919609375000000e+03	3.9869716763496399e-01
5.2924765625000000e+03	3.9851579070091248e-01
5.2929921875000000e+03	3.9833331108093262e-01
5.2935078125000000e+03	3.9815050363540649e-01
5.2940234375000000e+03	3.9796811342239380e-01
5.2945395507812500e+03	3.9778694510459900e-01
5.2950551757812500e+03	3.9760774374008179e-01
5.2955712890625000e+03	3.9743131399154663e-01
5.2960874023437500e+03	3.9725831151008606e-01
5.2966035156250000e+03	3.9708948135375977e-01
5.2971196289062500e+03	3.9692562818527222e-01
5.2976357421875000e+03	3.9676731824874878e-01
5.2981518554687500e+03	3.9661523699760437e-01
5.2986679687500000e+03	3.9647006988525391e-01
5.2991840820312500e+03	3.9633229374885559e-01
5.2997006835937500e+03	3.9620256423950195e-01
5.3002167968750000e+03	3.9608123898506165e-01
5.3007333984375000e+03	3.9596891403198242e-01
5.3012500000000000e+03	3.9586594700813293e-01
5.3017666015625000e+03	3.9577263593673706e-01
5.3022832031250000e+03	3.9568930864334106e-01
5.3027998046875000e+03	3.9561623334884644e-01
5.3033164062500000e+03	3.9555358886718750e-01
5.3038330078125000e+03	3.9550152420997620e-01
5.3043500976562500e+03	3.9546003937721252e-01
5.3048666992187500e+03	3.9542922377586365e-01
5.3053837890625000e+03	3.9540892839431763e-01
5.3059003906250000e+03	3.9539909362792969e-01
5.3064174804687500e+03	3.9539954066276550e-01
5.3069345703125000e+03	3.9541009068489075e-01
5.3074516601562500e+03	3.9543041586875916e-01
5.3079687500000000e+03	3.9546009898185730e-01
5.3084858398437500e+03	3.9549881219863892e-01
5.3090034179687500e+03	3.9554607868194580e-01
5.3095205078125000e+03	3.9560136198997498e-01
5.3100380859375000e+03	3.9566415548324585e-01
5.3105551757812500e+03	3.9573383331298828e-01
5.3110727539062500e+03	3.9580982923507690e-01
5.3115903320312500e+03	3.9589127898216248e-01
5.3121079101562500e+03	3.9597764611244202e-01
5.3126254882812500e+03	3.9606818556785583e-01
5.3131430664062500e+03	3.9616197347640991e-01
5.3136606445312500e+03	3.9625829458236694e-01
5.3141787109375000e+03	3.9635640382766724e-01
5.3146962890625000e+03	3.9645537734031677e-01
5.3152143554687500e+03	3.9655449986457825e-01
5.3157319335937500e+03	3.9665275812149048e-01
5.3162500000000000e+03	3.9674949645996094e-01
5.3167680664062500e+03	3.9684376120567322e-01
5.3172861328125000e+03	3.9693480730056763e-01
5.3178041992187500e+03	3.9702174067497253e-01
5.3183222656250000e+03	3.9710384607315063e-01
5.3188403320312500e+03	3.9718031883239746e-01
5.3193588867187500e+03	3.9725041389465332e-01
5.3198769531250000e+03	3.9731347560882568e-01
5.3203955078125000e+03	3.9736872911453247e-01
5.3209140625000000e+03	3.9741560816764832e-01
5.3214321289062500e+03	3.9745339751243591e-01
5.3219506835937500e+03	3.9748170971870422e-01
5.3224692382812500e+03	3.9749991893768311e-01
5.3229877929687500e+03	3.9750760793685913e-01
5.3235068359375000e+03	3.9750432968139648e-01
5.3240253906250000e+03	3.9748975634574890e-01
5.3245439453125000e+03	3.9746353030204773e-01
5.3250629882812500e+03	3.9742544293403625e-01
5.3255815429687500e+03	3.9737531542778015e-01
5.3261005859375000e+03	3.9731293916702271e-01
5.3266196289062500e+03	3.9723822474479675e-01
5.3271386718750000e+03	3.9715120196342468e-01
5.3276577148437500e+03	3.9705187082290649e-01
5.3281767578125000e+03	3.9694032073020935e-01
5.3286958007812500e+03	3.9681664109230042e-01
5.3292153320312500e+03	3.9668110013008118e-01
5.3297343750000000e+03	3.9653381705284119e-01
5.3302539062500000e+03	3.9637514948844910e-01
5.3307729492187500e+03	3.9620542526245117e-01
5.3312924804687500e+03	3.9602494239807129e-01
5.3318120117187500e+03	3.9583417773246765e-01
5.3323315429687500e+03	3.9563360810279846e-01
5.3328510742187500e+03	3.9542362093925476e-01
5.3333706054687500e+03	3.9520481228828430e-01
5.3338901367187500e+03	3.9497768878936768e-01
5.3344101562500000e+03	3.9474281668663025e-01
5.3349296875000000e+03	3.9450088143348694e-01
5.3354497070312500e+03	3.9425238966941833e-01
5.3359697265625000e+03	3.9399802684783936e-01
5.3364892578125000e+03	3.9373844861984253e-01
5.3370092773437500e+03	3.9347425103187561e-01
5.3375292968750000e+03	3.9320617914199829e-01
5.3380493164062500e+03	3.9293485879898071e-01
5.3385698242187500e+03	3.9266091585159302e-01
5.3390898437500000e+03	3.9238509535789490e-01
5.3396098632812500e+03	3.9210802316665649e-01
5.3401303710937500e+03	3.9183032512664795e-01
5.3406508789062500e+03	3.9155265688896179e-01
5.3411708984375000e+03	3.9127567410469055e-01
5.3416914062500000e+03	3.9099988341331482e-01
5.3422119140625000e+03	3.9072602987289429e-01
5.3427324218750000e+03	3.9045456051826477e-01
5.3432529296875000e+03	3.9018610119819641e-01
5.3437739257812500e+03	3.8992115855216980e-01
5.3442944335937500e+03	3.8966014981269836e-01
5.3448149414062500e+03	3.8940364122390747e-01
5.3453359375000000e+03	3.8915199041366577e-01
5.3458569335937500e+03	3.8890573382377625e-01
5.3463774414062500e+03	3.8866510987281799e-01
5.3468984375000000e+03	3.8843050599098206e-01
5.3474194335937500e+03	3.8820225000381470e-01
5.3479404296875000e+03	3.8798058032989502e-01
5.3484619140625000e+03	3.8776576519012451e-01
5.3489829101562500e+03	3.8755801320075989e-01
5.3495039062500000e+03	3.8735747337341309e-01
5.3500253906250000e+03	3.8716432452201843e-01
5.3505463867187500e+03	3.8697856664657593e-01
5.3510678710937500e+03	3.8680037856101990e-01
5.3515893554687500e+03	3.8662970066070557e-01
5.3521108398437500e+03	3.8646656274795532e-01
5.3526323242187500e+03	3.8631093502044678e-01
5.3531538085937500e+03	3.8616269826889038e-01
5.3536752929687500e+03	3.8602185249328613e-01
5.3541967773437500e+03	3.8588806986808777e-01
5.3547187500000000e+03	3.8576140999794006e-01
5.3552402343750000e+03	3.8564151525497437e-01
5.3557622070312500e+03	3.8552826642990112e-01
5.3562841796875000e+03	3.8542139530181885e-01
5.3568061523437500e+03	3.8532051444053650e-01
5.3573281250000000e+03	3.8522550463676453e-01
5.3578500976562500e+03	3.8513594865798950e-01
5.3583720703125000e+03	3.8505157828330994e-01
5.3588940429687500e+03	3.8497197628021240e-01
5.3594165039062500e+03	3.8489678502082825e-01
5.3599384765625000e+03	3.8482564687728882e-01
5.3604609375000000e+03	3.8475820422172546e-01
5.3609829101562500e+03	3.8469403982162476e-01
5.3615053710937500e+03	3.8463279604911804e-01
5.3620278320312500e+03	3.8457393646240234e-01
5.3625502929687500e+03	3.8451716303825378e-01
5.3630727539062500e+03	3.8446205854415894e-01
5.3635952148437500e+03	3.8440817594528198e-01
5.3641181640625000e+03	3.8435515761375427e-01
5.3646406250000000e+03	3.8430255651473999e-01
5.3651635742187500e+03	3.8425010442733765e-01
5.3656860351562500e+03	3.8419723510742188e-01
5.3662089843750000e+03	3.8414371013641357e-01
5.3667319335937500e+03	3.8408911228179932e-01
5.3672548828125000e+03	3.8403323292732239e-01
5.3677778320312500e+03	3.8397562503814697e-01
5.3683007812500000e+03	3.8391602039337158e-01
5.3688237304687500e+03	3.8385415077209473e-01
5.3693466796875000e+03	3.8378977775573730e-01
5.3698701171875000e+03	3.8372263312339783e-01
5.3703930664062500e+03	3.8365253806114197e-01
5.3709165039062500e+03	3.8357922434806824e-01
5.3714399414062500e+03	3.8350263237953186e-01
5.3719633789062500e+03	3.8342261314392090e-01
5.3724868164062500e+03	3.8333901762962341e-01
5.3730102539062500e+03	3.8325169682502747e-01
5.3735336914062500e+03	3.8316074013710022e-01
5.3740571289062500e+03	3.8306599855422974e-01
5.3745810546875000e+03	3.8296753168106079e-01
5.3751044921875000e+03	3.8286533951759338e-01
5.3756284179687500e+03	3.8275936245918274e-01
5.3761523437500000e+03	3.8264983892440796e-01
5.3766757812500000e+03	3.8253679871559143e-01
5.3771997070312500e+03	3.8242030143737793e-01
5.3777236328125000e+03	3.8230046629905701e-01
5.3782475585937500e+03	3.8217753171920776e-01
5.3787719726562500e+03	3.8205164670944214e-01
5.3792958984375000e+03	3.8192304968833923e-01
5.3798203125000000e+03	3.8179180026054382e-01
5.3803442382812500e+03	3.8165828585624695e-01
5.3808686523437500e+03	3.8152268528938293e-01
5.3813925781250000e+03	3.8138526678085327e-01
5.3819169921875000e+03	3.8124623894691467e-01
5.3824414062500000e+03	3.8110592961311340e-01
5.3829658203125000e+03	3.8096460700035095e-01
5.3834907226562500e+03	3.8082253932952881e-01
5.3840151367187500e+03	3.8068011403083801e-01
5.3845395507812500e+03	3.8053753972053528e-01
5.3850644531250000e+03	3.8039517402648926e-01
5.3855888671875000e+03	3.8025322556495667e-01
5.3861137695312500e+03	3.8011208176612854e-01
5.3866386718750000e+03	3.7997207045555115e-01
5.3871635742187500e+03	3.7983340024948120e-01
5.3876884765625000e+03	3.7969639897346497e-01
5.3882133789062500e+03	3.7956145405769348e-01
5.3887382812500000e+03	3.7942862510681152e-01
5.3892631835937500e+03	3.7929844856262207e-01
5.3897885742187500e+03	3.7917098402976990e-01
5.3903134765625000e+03	3.7904658913612366e-01
5.3908388671875000e+03	3.7892547249794006e-01
5.3913642578125000e+03	3.7880793213844299e-01
5.3918896484375000e+03	3.7869405746459961e-01
5.3924150390625000e+03	3.7858420610427856e-01
5.3929404296875000e+03	3.7847849726676941e-01
5.3934658203125000e+03	3.7837716937065125e-01
5.3939912109375000e+03	3.7828028202056885e-01
5.3945170898437500e+03	3.7818807363510132e-01
5.3950424804687500e+03	3.7810066342353821e-01
5.3955683593750000e+03	3.7801820039749146e-01
5.3960937500000000e+03	3.7794080376625061e-01
5.3966196289062500e+03	3.7786844372749329e-01
5.3971455078125000e+03	3.7780132889747620e-01
5.3976713867187500e+03	3.7773948907852173e-01
5.3981972656250000e+03	3.7768295407295227e-01
5.3987231445312500e+03	3.7763175368309021e-01
5.3992495117187500e+03	3.7758588790893555e-01
5.3997753906250000e+03	3.7754538655281067e-01
5.4003017578125000e+03	3.7751021981239319e-01
5.4008276367187500e+03	3.7748029828071594e-01
5.4013540039062500e+03	3.7745571136474609e-01
5.4018803710937500e+03	3.7743625044822693e-01
5.4024067382812500e+03	3.7742188572883606e-01
5.4029331054687500e+03	3.7741252779960632e-01
5.4034594726562500e+03	3.7740817666053772e-01
5.4039858398437500e+03	3.7740856409072876e-01
5.4045126953125000e+03	3.7741357088088989e-01
5.4050390625000000e+03	3.7742310762405396e-01
5.4055659179687500e+03	3.7743711471557617e-01
5.4060922851562500e+03	3.7745520472526550e-01
5.4066191406250000e+03	3.7747731804847717e-01
5.4071459960937500e+03	3.7750333547592163e-01
5.4076728515625000e+03	3.7753292918205261e-01
5.4081997070312500e+03	3.7756600975990295e-01
5.4087265625000000e+03	3.7760224938392639e-01
5.4092539062500000e+03	3.7764146924018860e-01
5.4097807617187500e+03	3.7768346071243286e-01
5.4103081054687500e+03	3.7772798538208008e-01
5.4108349609375000e+03	3.7777477502822876e-01
5.4113623046875000e+03	3.7782356142997742e-01
5.4118896484375000e+03	3.7787410616874695e-01
5.4124169921875000e+03	3.7792620062828064e-01
5.4129443359375000e+03	3.7797951698303223e-01
5.4134716796875000e+03	3.7803372740745544e-01
5.4139990234375000e+03	3.7808871269226074e-01
5.4145268554687500e+03	3.7814411520957947e-01
5.4150541992187500e+03	3.7819966673851013e-01
5.4155820312500000e+03	3.7825500965118408e-01
5.4161093750000000e+03	3.7831005454063416e-01
5.4166372070312500e+03	3.7836438417434692e-01
5.4171650390625000e+03	3.7841776013374329e-01
5.4176928710937500e+03	3.7846991419792175e-01
5.4182207031250000e+03	3.7852054834365845e-01
5.4187485351562500e+03	3.7856942415237427e-01
5.4192768554687500e+03	3.7861624360084534e-01
5.4198046875000000e+03	3.7866082787513733e-01
5.4203330078125000e+03	3.7870281934738159e-01
5.4208608398437500e+03	3.7874203920364380e-01
5.4213891601562500e+03	3.7877821922302246e-01
5.4219174804687500e+03	3.7881115078926086e-01
5.4224458007812500e+03	3.7884056568145752e-01
5.4229741210937500e+03	3.7886625528335571e-01
5.4235024414062500e+03	3.7888801097869873e-01
5.4240307617187500e+03	3.7890559434890747e-01
5.4245595703125000e+03	3.7891891598701477e-01
5.4250878906250000e+03	3.7892767786979675e-01
5.4256166992187500e+03	3.7893173098564148e-01
5.4261455078125000e+03	3.7893098592758179e-01
5.4266738281250000e+03	3.7892523407936096e-01
5.4272026367187500e+03	3.7891429662704468e-01
5.4277314453125000e+03	3.7889817357063293e-01
5.4282602539062500e+03	3.7887662649154663e-01
5.4287895507812500e+03	3.7884965538978577e-01
5.4293183593750000e+03	3.7881711125373840e-01
5.4298471679687500e+03	3.7877902388572693e-01
5.4303764648437500e+03	3.7873518466949463e-01
5.4309052734375000e+03	3.7868568301200867e-01
5.4314345703125000e+03	3.7863042950630188e-01
5.4319638671875000e+03	3.7856942415237427e-01
5.4324931640625000e+03	3.7850269675254822e-01
5.4330224609375000e+03	3.7843027710914612e-01
5.4335517578125000e+03	3.7835216522216797e-01
5.4340815429687500e+03	3.7826845049858093e-01
5.4346108398437500e+03	3.7817910313606262e-01
5.4351401367187500e+03	3.7808436155319214e-01
