4.5995981445312500e+03	5.9907472133636475e-01
4.6000463867187500e+03	5.9861654043197632e-01
4.6004946289062500e+03	5.9818077087402344e-01
4.6009428710937500e+03	5.9775328636169434e-01
4.6013911132812500e+03	5.9733450412750244e-01
4.6018398437500000e+03	5.9692478179931641e-01
4.6022880859375000e+03	5.9652429819107056e-01
4.6027363281250000e+03	5.9613341093063354e-01
4.6031850585937500e+03	5.9575247764587402e-01
4.6036333007812500e+03	5.9538173675537109e-01
4.6040820312500000e+03	5.9502136707305908e-01
4.6045307617187500e+03	5.9467166662216187e-01
4.6049794921875000e+03	5.9433281421661377e-01
4.6054282226562500e+03	5.9400504827499390e-01
4.6058769531250000e+03	5.9368848800659180e-01
4.6063256835937500e+03	5.9338325262069702e-01
4.6067744140625000e+03	5.9308969974517822e-01
4.6072231445312500e+03	5.9280765056610107e-01
4.6076723632812500e+03	5.9253734350204468e-01
4.6081210937500000e+03	5.9227883815765381e-01
4.6085703125000000e+03	5.9203213453292847e-01
4.6090190429687500e+03	5.9179723262786865e-01
4.6094682617187500e+03	5.9157431125640869e-01
4.6099174804687500e+03	5.9136313199996948e-01
4.6103666992187500e+03	5.9116369485855103e-01
4.6108159179687500e+03	5.9097599983215332e-01
4.6112651367187500e+03	5.9079986810684204e-01
4.6117143554687500e+03	5.9063535928726196e-01
4.6121635742187500e+03	5.9048211574554443e-01
4.6126132812500000e+03	5.9034013748168945e-01
4.6130625000000000e+03	5.9020924568176270e-01
4.6135122070312500e+03	5.9008920192718506e-01
4.6139614257812500e+03	5.8997970819473267e-01
4.6144111328125000e+03	5.8988070487976074e-01
4.6148608398437500e+03	5.8979189395904541e-01
4.6153105468750000e+03	5.8971297740936279e-01
4.6157602539062500e+03	5.8964365720748901e-01
4.6162099609375000e+03	5.8958369493484497e-01
4.6166596679687500e+03	5.8953279256820679e-01
4.6171093750000000e+03	5.8949059247970581e-01
4.6175595703125000e+03	5.8945685625076294e-01
4.6180092773437500e+03	5.8943110704421997e-01
4.6184594726562500e+03	5.8941304683685303e-01
4.6189091796875000e+03	5.8940243721008301e-01
4.6193593750000000e+03	5.8939880132675171e-01
4.6198095703125000e+03	5.8940178155899048e-01
4.6202597656250000e+03	5.8941107988357544e-01
4.6207099609375000e+03	5.8942627906799316e-01
4.6211601562500000e+03	5.8944702148437500e-01
4.6216103515625000e+03	5.8948057889938354e-01
4.6220605468750000e+03	5.8951151371002197e-01
4.6225107421875000e+03	5.8954697847366333e-01
4.6229614257812500e+03	5.8958649635314941e-01
4.6234116210937500e+03	5.8962982892990112e-01
4.6238623046875000e+03	5.8967643976211548e-01
4.6243129882812500e+03	5.8972615003585815e-01
4.6247631835937500e+03	5.8977866172790527e-01
4.6252138671875000e+03	5.8983355760574341e-01
4.6256645507812500e+03	5.8989059925079346e-01
4.6261152343750000e+03	5.8994942903518677e-01
4.6265659179687500e+03	5.9000980854034424e-01
4.6270170898437500e+03	5.9007149934768677e-01
4.6274677734375000e+03	5.9013420343399048e-01
4.6279184570312500e+03	5.9019762277603149e-01
4.6283696289062500e+03	5.9026163816452026e-01
4.6288208007812500e+03	5.9032607078552246e-01
4.6292714843750000e+03	5.9039068222045898e-01
4.6297226562500000e+03	5.9045523405075073e-01
4.6301738281250000e+03	5.9051978588104248e-01
4.6306250000000000e+03	5.9058392047882080e-01
4.6310761718750000e+03	5.9064775705337524e-01
4.6315273437500000e+03	5.9071117639541626e-01
4.6319785156250000e+03	5.9077399969100952e-01
4.6324301757812500e+03	5.9083628654479980e-01
4.6328813476562500e+03	5.9089791774749756e-01
4.6333325195312500e+03	5.9095895290374756e-01
4.6337841796875000e+03	5.9101933240890503e-01
4.6342358398437500e+03	5.9107917547225952e-01
4.6346870117187500e+03	5.9113836288452148e-01
4.6351386718750000e+03	5.9119713306427002e-01
4.6355903320312500e+03	5.9125548601150513e-01
4.6360419921875000e+03	5.9131348133087158e-01
4.6364936523437500e+03	5.9137129783630371e-01
4.6369458007812500e+03	5.9142899513244629e-01
4.6373974609375000e+03	5.9148681163787842e-01
4.6378491210937500e+03	5.9154480695724487e-01
4.6383012695312500e+03	5.9160327911376953e-01
4.6387529296875000e+03	5.9166222810745239e-01
4.6392050781250000e+03	5.9172195196151733e-01
4.6396572265625000e+03	5.9178268909454346e-01
4.6401093750000000e+03	5.9184461832046509e-01
4.6405615234375000e+03	5.9190791845321655e-01
4.6410136718750000e+03	5.9197288751602173e-01
4.6414658203125000e+03	5.9203970432281494e-01
4.6419179687500000e+03	5.9210872650146484e-01
4.6423701171875000e+03	5.9218007326126099e-01
4.6428227539062500e+03	5.9225398302078247e-01
4.6432749023437500e+03	5.9233075380325317e-01
4.6437275390625000e+03	5.9241068363189697e-01
4.6441796875000000e+03	5.9249401092529297e-01
4.6446323242187500e+03	5.9258085489273071e-01
4.6450849609375000e+03	5.9267169237136841e-01
4.6455375976562500e+03	5.9276658296585083e-01
4.6459902343750000e+03	5.9286582469940186e-01
4.6464428710937500e+03	5.9296959638595581e-01
4.6468955078125000e+03	5.9307819604873657e-01
4.6473486328125000e+03	5.9319186210632324e-01
4.6478012695312500e+03	5.9331071376800537e-01
4.6482539062500000e+03	5.9343498945236206e-01
4.6487070312500000e+03	5.9356498718261719e-01
4.6491601562500000e+03	5.9370070695877075e-01
4.6496127929687500e+03	5.9384244680404663e-01
4.6500659179687500e+03	5.9399026632308960e-01
4.6505190429687500e+03	5.9414446353912354e-01
4.6509721679687500e+03	5.9430491924285889e-01
4.6514252929687500e+03	5.9447199106216431e-01
4.6518789062500000e+03	5.9464567899703979e-01
4.6523320312500000e+03	5.9482598304748535e-01
4.6527851562500000e+03	5.9501314163208008e-01
4.6532387695312500e+03	5.9520715475082397e-01
4.6536918945312500e+03	5.9540796279907227e-01
4.6541455078125000e+03	5.9561568498611450e-01
4.6545991210937500e+03	5.9583026170730591e-01
4.6550522460937500e+03	5.9605175256729126e-01
4.6555058593750000e+03	5.9628009796142578e-01
4.6559594726562500e+03	5.9651523828506470e-01
4.6564130859375000e+03	5.9675717353820801e-01
4.6568671875000000e+03	5.9700578451156616e-01
4.6573208007812500e+03	5.9726101160049438e-01
4.6577744140625000e+03	5.9752261638641357e-01
4.6582285156250000e+03	5.9779071807861328e-01
4.6586821289062500e+03	5.9806495904922485e-01
4.6591362304687500e+03	5.9834527969360352e-01
4.6595903320312500e+03	5.9863162040710449e-01
4.6600444335937500e+03	5.9892356395721436e-01
4.6604985351562500e+03	5.9922111034393311e-01
4.6609526367187500e+03	5.9952402114868164e-01
4.6614067382812500e+03	5.9983205795288086e-01
4.6618608398437500e+03	6.0014498233795166e-01
4.6623149414062500e+03	6.0046255588531494e-01
4.6627690429687500e+03	6.0078454017639160e-01
4.6632236328125000e+03	6.0111075639724731e-01
4.6636777343750000e+03	6.0144078731536865e-01
4.6641323242187500e+03	6.0177445411682129e-01
4.6645869140625000e+03	6.0211151838302612e-01
4.6650415039062500e+03	6.0245156288146973e-01
4.6654960937500000e+03	6.0279446840286255e-01
4.6659506835937500e+03	6.0313975811004639e-01
4.6664052734375000e+03	6.0348719358444214e-01
4.6668598632812500e+03	6.0383653640747070e-01
4.6673144531250000e+03	6.0418725013732910e-01
4.6677695312500000e+03	6.0453939437866211e-01
4.6682241210937500e+03	6.0489237308502197e-01
4.6686791992187500e+03	6.0524576902389526e-01
4.6691337890625000e+03	6.0559958219528198e-01
4.6695888671875000e+03	6.0595315694808960e-01
4.6700439453125000e+03	6.0630655288696289e-01
4.6704990234375000e+03	6.0665899515151978e-01
4.6709541015625000e+03	6.0701054334640503e-01
4.6714091796875000e+03	6.0736066102981567e-01
4.6718642578125000e+03	6.0770910978317261e-01
4.6723193359375000e+03	6.0805559158325195e-01
4.6727749023437500e+03	6.0839962959289551e-01
4.6732299804687500e+03	6.0874104499816895e-01
4.6736855468750000e+03	6.0907953977584839e-01
4.6741406250000000e+03	6.0941475629806519e-01
4.6745961914062500e+03	6.0974633693695068e-01
4.6750517578125000e+03	6.1007404327392578e-01
4.6755073242187500e+03	6.1039769649505615e-01
4.6759628906250000e+03	6.1071670055389404e-01
4.6764184570312500e+03	6.1103105545043945e-01
4.6768740234375000e+03	6.1134016513824463e-01
4.6773295898437500e+03	6.1164402961730957e-01
4.6777856445312500e+03	6.1194223165512085e-01
4.6782412109375000e+03	6.1223459243774414e-01
4.6786972656250000e+03	6.1252814531326294e-01
4.6791528320312500e+03	6.1280816793441772e-01
4.6796088867187500e+03	6.1308163404464722e-01
4.6800649414062500e+03	6.1334812641143799e-01
4.6805209960937500e+03	6.1360734701156616e-01
4.6809770507812500e+03	6.1385899782180786e-01
4.6814331054687500e+03	6.1410295963287354e-01
4.6818891601562500e+03	6.1433899402618408e-01
4.6823452148437500e+03	6.1456680297851562e-01
4.6828017578125000e+03	6.1478614807128906e-01
4.6832578125000000e+03	6.1499667167663574e-01
4.6837143554687500e+03	6.1519837379455566e-01
4.6841704101562500e+03	6.1539083719253540e-01
4.6846269531250000e+03	6.1557394266128540e-01
4.6850834960937500e+03	6.1574739217758179e-01
4.6855400390625000e+03	6.1591106653213501e-01
4.6859965820312500e+03	6.1606460809707642e-01
4.6864531250000000e+03	6.1620783805847168e-01
4.6869096679687500e+03	6.1634057760238647e-01
4.6873662109375000e+03	6.1646258831024170e-01
4.6878232421875000e+03	6.1657381057739258e-01
4.6882797851562500e+03	6.1667382717132568e-01
4.6887368164062500e+03	6.1676239967346191e-01
4.6891933593750000e+03	6.1683952808380127e-01
4.6896503906250000e+03	6.1690497398376465e-01
4.6901074218750000e+03	6.1695849895477295e-01
4.6905644531250000e+03	6.1699980497360229e-01
4.6910214843750000e+03	6.1702889204025269e-01
4.6914785156250000e+03	6.1704540252685547e-01
4.6919355468750000e+03	6.1704915761947632e-01
4.6923925781250000e+03	6.1704021692276001e-01
4.6928500976562500e+03	6.1701816320419312e-01
4.6933071289062500e+03	6.1698293685913086e-01
4.6937646484375000e+03	6.1693423986434937e-01
4.6942221679687500e+03	6.1687207221984863e-01
4.6946791992187500e+03	6.1679619550704956e-01
4.6951367187500000e+03	6.1670637130737305e-01
4.6955942382812500e+03	6.1660259962081909e-01
4.6960517578125000e+03	6.1648458242416382e-01
4.6965092773437500e+03	6.1635231971740723e-01
4.6969667968750000e+03	6.1620557308197021e-01
4.6974248046875000e+03	6.1604428291320801e-01
4.6978823242187500e+03	6.1586827039718628e-01
4.6983398437500000e+03	6.1567747592926025e-01
4.6987978515625000e+03	6.1547172069549561e-01
4.6992558593750000e+03	6.1525094509124756e-01
4.6997133789062500e+03	6.1501497030258179e-01
4.7001713867187500e+03	6.1476385593414307e-01
4.7006293945312500e+03	6.1449730396270752e-01
4.7010874023437500e+03	6.1421549320220947e-01
4.7015454101562500e+03	6.1391818523406982e-01
4.7020034179687500e+03	6.1360538005828857e-01
4.7024619140625000e+03	6.1327701807022095e-01
4.7029199218750000e+03	6.1293309926986694e-01
4.7033784179687500e+03	6.1257350444793701e-01
4.7038364257812500e+03	6.1219829320907593e-01
4.7042949218750000e+03	6.1180740594863892e-01
4.7047534179687500e+03	6.1140096187591553e-01
4.7052114257812500e+03	6.1097890138626099e-01
4.7056699218750000e+03	6.1054110527038574e-01
4.7061284179687500e+03	6.1008781194686890e-01
4.7065874023437500e+03	6.0961890220642090e-01
4.7070458984375000e+03	6.0913455486297607e-01
4.7075043945312500e+03	6.0863488912582397e-01
4.7079628906250000e+03	6.0811990499496460e-01
4.7084218750000000e+03	6.0758960247039795e-01
4.7088803710937500e+03	6.0704421997070312e-01
4.7093393554687500e+03	6.0648381710052490e-01
4.7097983398437500e+03	6.0590851306915283e-01
4.7102573242187500e+03	6.0531854629516602e-01
4.7107163085937500e+03	6.0471391677856445e-01
4.7111752929687500e+03	6.0409492254257202e-01
4.7116342773437500e+03	6.0346162319183350e-01
4.7120932617187500e+03	6.0281425714492798e-01
4.7125522460937500e+03	6.0215306282043457e-01
4.7130117187500000e+03	6.0147821903228760e-01
4.7134707031250000e+03	6.0078996419906616e-01
4.7139301757812500e+03	6.0008853673934937e-01
4.7143891601562500e+03	5.9937411546707153e-01
4.7148486328125000e+03	5.9864705801010132e-01
4.7153081054687500e+03	5.9790754318237305e-01
4.7157675781250000e+03	5.9715598821640015e-01
4.7162270507812500e+03	5.9639251232147217e-01
4.7166865234375000e+03	5.9561765193939209e-01
4.7171459960937500e+03	5.9483146667480469e-01
4.7176059570312500e+03	5.9403443336486816e-01
4.7180654296875000e+03	5.9322679042816162e-01
4.7185253906250000e+03	5.9240895509719849e-01
4.7189848632812500e+03	5.9158134460449219e-01
4.7194448242187500e+03	5.9074419736862183e-01
4.7199047851562500e+03	5.8989787101745605e-01
4.7203647460937500e+03	5.8904284238815308e-01
4.7208247070312500e+03	5.8817946910858154e-01
4.7212846679687500e+03	5.8730810880661011e-01
4.7217446289062500e+03	5.8642929792404175e-01
4.7222045898437500e+03	5.8554321527481079e-01
4.7226645507812500e+03	5.8465051651000977e-01
4.7231250000000000e+03	5.8375149965286255e-01
4.7235849609375000e+03	5.8284664154052734e-01
4.7240454101562500e+03	5.8193635940551758e-01
4.7245053710937500e+03	5.8102107048034668e-01
4.7249658203125000e+03	5.8010125160217285e-01
4.7254262695312500e+03	5.7917737960815430e-01
4.7258867187500000e+03	5.7824981212615967e-01
4.7263471679687500e+03	5.7731920480728149e-01
4.7268076171875000e+03	5.7638585567474365e-01
4.7272685546875000e+03	5.7545024156570435e-01
4.7277290039062500e+03	5.7451295852661133e-01
4.7281894531250000e+03	5.7357430458068848e-01
4.7286503906250000e+03	5.7263493537902832e-01
4.7291108398437500e+03	5.7169520854949951e-01
4.7295717773437500e+03	5.7075566053390503e-01
4.7300327148437500e+03	5.6981676816940308e-01
4.7304936523437500e+03	5.6887894868850708e-01
4.7309545898437500e+03	5.6794273853302002e-01
4.7314155273437500e+03	5.6700867414474487e-01
4.7318764648437500e+03	5.6607711315155029e-01
4.7323374023437500e+03	5.6514859199523926e-01
4.7327988281250000e+03	5.6422364711761475e-01
4.7332597656250000e+03	5.6330269575119019e-01
4.7337211914062500e+03	5.6238627433776855e-01
4.7341821289062500e+03	5.6147480010986328e-01
4.7346435546875000e+03	5.6056874990463257e-01
4.7351049804687500e+03	5.5966854095458984e-01
4.7355664062500000e+03	5.5877476930618286e-01
4.7360278320312500e+03	5.5788785219192505e-01
4.7364892578125000e+03	5.5700814723968506e-01
4.7369506835937500e+03	5.5613625049591064e-01
4.7374121093750000e+03	5.5527251958847046e-01
4.7378735351562500e+03	5.5441743135452271e-01
4.7383354492187500e+03	5.5357146263122559e-01
4.7387968750000000e+03	5.5273503065109253e-01
4.7392587890625000e+03	5.5190849304199219e-01
4.7397207031250000e+03	5.5109232664108276e-01
4.7401826171875000e+03	5.5028694868087769e-01
4.7406445312500000e+03	5.4949283599853516e-01
4.7411064453125000e+03	5.4871028661727905e-01
4.7415683593750000e+03	5.4793977737426758e-01
4.7420302734375000e+03	5.4718166589736938e-01
4.7424921875000000e+03	5.4643625020980835e-01
4.7429541015625000e+03	5.4570400714874268e-01
4.7434165039062500e+03	5.4498529434204102e-01
4.7438784179687500e+03	5.4428052902221680e-01
4.7443408203125000e+03	5.4358989000320435e-01
4.7448032226562500e+03	5.4291385412216187e-01
4.7452656250000000e+03	5.4225277900695801e-01
4.7457280273437500e+03	5.4160684347152710e-01
4.7461904296875000e+03	5.4097640514373779e-01
4.7466528320312500e+03	5.4036188125610352e-01
4.7471152343750000e+03	5.3976351022720337e-01
4.7475776367187500e+03	5.3918147087097168e-01
4.7480405273437500e+03	5.3861618041992188e-01
4.7485029296875000e+03	5.3806775808334351e-01
4.7489658203125000e+03	5.3753662109375000e-01
4.7494282226562500e+03	5.3702294826507568e-01
4.7498911132812500e+03	5.3653436899185181e-01
4.7503540039062500e+03	5.3605711460113525e-01
4.7508168945312500e+03	5.3559798002243042e-01
4.7512797851562500e+03	5.3515726327896118e-01
4.7517426757812500e+03	5.3473520278930664e-01
4.7522055664062500e+03	5.3433191776275635e-01
4.7526689453125000e+03	5.3394758701324463e-01
4.7531318359375000e+03	5.3358244895935059e-01
4.7535947265625000e+03	5.3323650360107422e-01
4.7540581054687500e+03	5.3290998935699463e-01
4.7545214843750000e+03	5.3260314464569092e-01
4.7549848632812500e+03	5.3231602907180786e-01
4.7554477539062500e+03	5.3204858303070068e-01
4.7559111328125000e+03	5.3180116415023804e-01
4.7563745117187500e+03	5.3157377243041992e-01
4.7568383789062500e+03	5.3136640787124634e-01
4.7573017578125000e+03	5.3117930889129639e-01
4.7577651367187500e+03	5.3101241588592529e-01
4.7582285156250000e+03	5.3086584806442261e-01
4.7586923828125000e+03	5.3073966503143311e-01
4.7591562500000000e+03	5.3063386678695679e-01
4.7596196289062500e+03	5.3054857254028320e-01
4.7600834960937500e+03	5.3048378229141235e-01
4.7605473632812500e+03	5.3043937683105469e-01
4.7610112304687500e+03	5.3041553497314453e-01
4.7614750976562500e+03	5.3041225671768188e-01
4.7619389648437500e+03	5.3042942285537720e-01
4.7624028320312500e+03	5.3046715259552002e-01
4.7628671875000000e+03	5.3052532672882080e-01
4.7633310546875000e+03	5.3060400485992432e-01
4.7637954101562500e+03	5.3070318698883057e-01
4.7642592773437500e+03	5.3082275390625000e-01
4.7647236328125000e+03	5.3096270561218262e-01
4.7651879882812500e+03	5.3112310171127319e-01
4.7656523437500000e+03	5.3130376338958740e-01
4.7661166992187500e+03	5.3150475025177002e-01
4.7665810546875000e+03	5.3172594308853149e-01
4.7670454101562500e+03	5.3196740150451660e-01
4.7675097656250000e+03	5.3222906589508057e-01
4.7679746093750000e+03	5.3251081705093384e-01
4.7684389648437500e+03	5.3281265497207642e-01
4.7689038085937500e+03	5.3313457965850830e-01
4.7693681640625000e+03	5.3347653150558472e-01
4.7698330078125000e+03	5.3383839130401611e-01
4.7702978515625000e+03	5.3422027826309204e-01
4.7707626953125000e+03	5.3462207317352295e-01
4.7712275390625000e+03	5.3504377603530884e-01
4.7716923828125000e+03	5.3548532724380493e-01
4.7721572265625000e+03	5.3594678640365601e-01
4.7726220703125000e+03	5.3642815351486206e-01
4.7730874023437500e+03	5.3692936897277832e-01
4.7735522460937500e+03	5.3745049238204956e-01
4.7740175781250000e+03	5.3799158334732056e-01
4.7744829101562500e+03	5.3855258226394653e-01
4.7749477539062500e+03	5.3913354873657227e-01
4.7754130859375000e+03	5.3973460197448730e-01
4.7758784179687500e+03	5.4035580158233643e-01
4.7763437500000000e+03	5.4099720716476440e-01
4.7768090820312500e+03	5.4165887832641602e-01
4.7772744140625000e+03	5.4234099388122559e-01
4.7777402343750000e+03	5.4304367303848267e-01
4.7782055664062500e+03	5.4376703500747681e-01
4.7786713867187500e+03	5.4451125860214233e-01
4.7791367187500000e+03	5.4527646303176880e-01
4.7796025390625000e+03	5.4606294631958008e-01
4.7800683593750000e+03	5.4687082767486572e-01
4.7805341796875000e+03	5.4770046472549438e-01
4.7810000000000000e+03	5.4855191707611084e-01
4.7814658203125000e+03	5.4942560195922852e-01
4.7819316406250000e+03	5.5032181739807129e-01
4.7823974609375000e+03	5.5124092102050781e-01
4.7828632812500000e+03	5.5218309164047241e-01
4.7833295898437500e+03	5.5314880609512329e-01
4.7837954101562500e+03	5.5413836240768433e-01
4.7842617187500000e+03	5.5515229701995850e-01
4.7847280273437500e+03	5.5619102716445923e-01
4.7851938476562500e+03	5.5725491046905518e-01
4.7856601562500000e+03	5.5834442377090454e-01
4.7861264648437500e+03	5.5946010351181030e-01
4.7865927734375000e+03	5.6060254573822021e-01
4.7870590820312500e+03	5.6177222728729248e-01
4.7875258789062500e+03	5.6296962499618530e-01
4.7879921875000000e+03	5.6419545412063599e-01
4.7884589843750000e+03	5.6545025110244751e-01
4.7889252929687500e+03	5.6673473119735718e-01
4.7893920898437500e+03	5.6804943084716797e-01
4.7898583984375000e+03	5.6939506530761719e-01
4.7903251953125000e+03	5.7077229022979736e-01
4.7907919921875000e+03	5.7218188047409058e-01
4.7912587890625000e+03	5.7362443208694458e-01
4.7917255859375000e+03	5.7510071992874146e-01
4.7921928710937500e+03	5.7661151885986328e-01
4.7926596679687500e+03	5.7815754413604736e-01
4.7931264648437500e+03	5.7973951101303101e-01
4.7935937500000000e+03	5.8135831356048584e-01
4.7940605468750000e+03	5.8301454782485962e-01
4.7945278320312500e+03	5.8470904827117920e-01
4.7949951171875000e+03	5.8644264936447144e-01
4.7954624023437500e+03	5.8821600675582886e-01
4.7959291992187500e+03	5.9002995491027832e-01
4.7963964843750000e+03	5.9188514947891235e-01
4.7968642578125000e+03	5.9378242492675781e-01
4.7973315429687500e+03	5.9572243690490723e-01
4.7977988281250000e+03	5.9770584106445312e-01
4.7982666015625000e+03	5.9973347187042236e-01
4.7987338867187500e+03	6.0180592536926270e-01
4.7992016601562500e+03	6.0392373800277710e-01
4.7996689453125000e+03	6.0608756542205811e-01
4.8001367187500000e+03	6.0829800367355347e-01
4.8006044921875000e+03	6.1055546998977661e-01
4.8010722656250000e+03	6.1286830902099609e-01
4.8015400390625000e+03	6.1522227525711060e-01
4.8020078125000000e+03	6.1762475967407227e-01
4.8024755859375000e+03	6.2007606029510498e-01
4.8029438476562500e+03	6.2257647514343262e-01
4.8034116210937500e+03	6.2512624263763428e-01
4.8038798828125000e+03	6.2772536277770996e-01
4.8043476562500000e+03	6.3037407398223877e-01
4.8048159179687500e+03	6.3307225704193115e-01
4.8052841796875000e+03	6.3581985235214233e-01
4.8057524414062500e+03	6.3861680030822754e-01
4.8062207031250000e+03	6.4146274328231812e-01
4.8066889648437500e+03	6.4435732364654541e-01
4.8071572265625000e+03	6.4730024337768555e-01
4.8076254882812500e+03	6.5029084682464600e-01
4.8080942382812500e+03	6.5332853794097900e-01
4.8085625000000000e+03	6.5641260147094727e-01
4.8090312500000000e+03	6.5954220294952393e-01
4.8094995117187500e+03	6.6271638870239258e-01
4.8099682617187500e+03	6.6593408584594727e-01
4.8104370117187500e+03	6.6919422149658203e-01
4.8109057617187500e+03	6.7249530553817749e-01
4.8113745117187500e+03	6.7583614587783813e-01
4.8118432617187500e+03	6.7921525239944458e-01
4.8123120117187500e+03	6.8263077735900879e-01
4.8127812500000000e+03	6.8608111143112183e-01
4.8132500000000000e+03	6.8956434726715088e-01
4.8137187500000000e+03	6.9307845830917358e-01
4.8141879882812500e+03	6.9662129878997803e-01
4.8146572265625000e+03	7.0019090175628662e-01
4.8151259765625000e+03	7.0378446578979492e-01
4.8155952148437500e+03	7.0740002393722534e-01
4.8160644531250000e+03	7.1103465557098389e-01
4.8165336914062500e+03	7.1468579769134521e-01
4.8170029296875000e+03	7.1835064888000488e-01
4.8174726562500000e+03	7.2203510999679565e-01
4.8179418945312500e+03	7.2572064399719238e-01
4.8184111328125000e+03	7.2941142320632935e-01
4.8188808593750000e+03	7.3310434818267822e-01
4.8193505859375000e+03	7.3679625988006592e-01
4.8198198242187500e+03	7.4048393964767456e-01
4.8202895507812500e+03	7.4416410923004150e-01
4.8207592773437500e+03	7.4783354997634888e-01
4.8212290039062500e+03	7.5148886442184448e-01
4.8216987304687500e+03	7.5512671470642090e-01
4.8221684570312500e+03	7.5874394178390503e-01
4.8226386718750000e+03	7.6233702898025513e-01
4.8231083984375000e+03	7.6590275764465332e-01
4.8235781250000000e+03	7.6943784952163696e-01
4.8240483398437500e+03	7.7293920516967773e-01
4.8245185546875000e+03	7.7640366554260254e-01
4.8249882812500000e+03	7.7982807159423828e-01
4.8254584960937500e+03	7.8320991992950439e-01
4.8259287109375000e+03	7.8654611110687256e-01
4.8263989257812500e+03	7.8983408212661743e-01
4.8268691406250000e+03	7.9307168722152710e-01
4.8273393554687500e+03	7.9625648260116577e-01
4.8278100585937500e+03	7.9938662052154541e-01
4.8282802734375000e+03	8.0246043205261230e-01
4.8287509765625000e+03	8.0547642707824707e-01
4.8292211914062500e+03	8.0843359231948853e-01
4.8296918945312500e+03	8.1133109331130981e-01
4.8301625976562500e+03	8.1416845321655273e-01
4.8306328125000000e+03	8.1694567203521729e-01
4.8311035156250000e+03	8.1966322660446167e-01
4.8315742187500000e+03	8.2231450080871582e-01
4.8320454101562500e+03	8.2491582632064819e-01
4.8325161132812500e+03	8.2746118307113647e-01
4.8329868164062500e+03	8.2995271682739258e-01
4.8334580078125000e+03	8.3239310979843140e-01
4.8339287109375000e+03	8.3478558063507080e-01
4.8343999023437500e+03	8.3713370561599731e-01
4.8348706054687500e+03	8.3944189548492432e-01
4.8353417968750000e+03	8.4171473979949951e-01
4.8358129882812500e+03	8.4395748376846313e-01
4.8362841796875000e+03	8.4617567062377930e-01
4.8367553710937500e+03	8.4837567806243896e-01
4.8372265625000000e+03	8.5056400299072266e-01
4.8376982421875000e+03	8.5274744033813477e-01
4.8381694335937500e+03	8.5493344068527222e-01
4.8386411132812500e+03	8.5712963342666626e-01
4.8391123046875000e+03	8.5934382677078247e-01
4.8395839843750000e+03	8.6158388853073120e-01
4.8400556640625000e+03	8.6385816335678101e-01
4.8405268554687500e+03	8.6617451906204224e-01
4.8409985351562500e+03	8.6854130029678345e-01
4.8414702148437500e+03	8.7096625566482544e-01
4.8419418945312500e+03	8.7345683574676514e-01
4.8424140625000000e+03	8.7602055072784424e-01
4.8428857421875000e+03	8.7866395711898804e-01
4.8433574218750000e+03	8.8139343261718750e-01
4.8438295898437500e+03	8.8421428203582764e-01
4.8443012695312500e+03	8.8713139295578003e-01
4.8447734375000000e+03	8.9014852046966553e-01
4.8452456054687500e+03	8.9326816797256470e-01
4.8457177734375000e+03	8.9649224281311035e-01
4.8461899414062500e+03	8.9982092380523682e-01
4.8466621093750000e+03	9.0325355529785156e-01
4.8471342773437500e+03	9.0678787231445312e-01
4.8476064453125000e+03	9.1042011976242065e-01
4.8480791015625000e+03	9.1414511203765869e-01
4.8485512695312500e+03	9.1795647144317627e-01
4.8490239257812500e+03	9.2184585332870483e-01
4.8494960937500000e+03	9.2580378055572510e-01
4.8499687500000000e+03	9.2981922626495361e-01
4.8504414062500000e+03	9.3387943506240845e-01
4.8509140625000000e+03	9.3797075748443604e-01
4.8513867187500000e+03	9.4207793474197388e-01
4.8518593750000000e+03	9.4618463516235352e-01
4.8523320312500000e+03	9.5027363300323486e-01
4.8528046875000000e+03	9.5432662963867188e-01
4.8532778320312500e+03	9.5832443237304688e-01
4.8537504882812500e+03	9.6224790811538696e-01
4.8542236328125000e+03	9.6607673168182373e-01
4.8546962890625000e+03	9.6979105472564697e-01
4.8551694335937500e+03	9.7337085008621216e-01
4.8556425781250000e+03	9.7679626941680908e-01
4.8561157226562500e+03	9.8004788160324097e-01
4.8565888671875000e+03	9.8310726881027222e-01
4.8570620117187500e+03	9.8595654964447021e-01
4.8575351562500000e+03	9.8857903480529785e-01
4.8580087890625000e+03	9.9095946550369263e-01
4.8584819335937500e+03	9.9308401346206665e-01
4.8589555664062500e+03	9.9494028091430664e-01
4.8594287109375000e+03	9.9651801586151123e-01
4.8599023437500000e+03	9.9780851602554321e-01
4.8603759765625000e+03	9.9880534410476685e-01
4.8608496093750000e+03	9.9950397014617920e-01
4.8613232421875000e+03	9.9990230798721313e-01
4.8617968750000000e+03	1.0000000000000000e+00
4.8622705078125000e+03	9.9979919195175171e-01
4.8627441406250000e+03	9.9930393695831299e-01
4.8632182617187500e+03	9.9852073192596436e-01
4.8636918945312500e+03	9.9745744466781616e-01
4.8641660156250000e+03	9.9612432718276978e-01
4.8646396484375000e+03	9.9453318119049072e-01
4.8651137695312500e+03	9.9269747734069824e-01
4.8655878906250000e+03	9.9063205718994141e-01
4.8660620117187500e+03	9.8835289478302002e-01
4.8665361328125000e+03	9.8587727546691895e-01
4.8670102539062500e+03	9.8322302103042603e-01
4.8674843750000000e+03	9.8040866851806641e-01
4.8679584960937500e+03	9.7745323181152344e-01
4.8684331054687500e+03	9.7437590360641479e-01
4.8689072265625000e+03	9.7119581699371338e-01
4.8693818359375000e+03	9.6793162822723389e-01
4.8698564453125000e+03	9.6460193395614624e-01
4.8703305664062500e+03	9.6122437715530396e-01
4.8708051757812500e+03	9.5781618356704712e-01
4.8712797851562500e+03	9.5439326763153076e-01
4.8717543945312500e+03	9.5097053050994873e-01
4.8722290039062500e+03	9.4756180047988892e-01
4.8727041015625000e+03	9.4417941570281982e-01
4.8731787109375000e+03	9.4083434343338013e-01
4.8736538085937500e+03	9.3753618001937866e-01
4.8741284179687500e+03	9.3429303169250488e-01
4.8746035156250000e+03	9.3111145496368408e-01
4.8750781250000000e+03	9.2799639701843262e-01
4.8755532226562500e+03	9.2495149374008179e-01
4.8760283203125000e+03	9.2197871208190918e-01
4.8765034179687500e+03	9.1907888650894165e-01
4.8769785156250000e+03	9.1625124216079712e-01
4.8774541015625000e+03	9.1349399089813232e-01
4.8779291992187500e+03	9.1080391407012939e-01
4.8784042968750000e+03	9.0817695856094360e-01
4.8788798828125000e+03	9.0560817718505859e-01
4.8793549804687500e+03	9.0309143066406250e-01
4.8798305664062500e+03	9.0062016248703003e-01
4.8803061523437500e+03	8.9818698167800903e-01
4.8807817382812500e+03	8.9578431844711304e-01
4.8812573242187500e+03	8.9340388774871826e-01
4.8817329101562500e+03	8.9103740453720093e-01
4.8822084960937500e+03	8.8867628574371338e-01
4.8826840820312500e+03	8.8631176948547363e-01
4.8831596679687500e+03	8.8393551111221313e-01
4.8836357421875000e+03	8.8153910636901855e-01
4.8841113281250000e+03	8.7911438941955566e-01
4.8845874023437500e+03	8.7665331363677979e-01
4.8850634765625000e+03	8.7414848804473877e-01
4.8855395507812500e+03	8.7159293889999390e-01
4.8860156250000000e+03	8.6898005008697510e-01
4.8864916992187500e+03	8.6630368232727051e-01
4.8869677734375000e+03	8.6355859041213989e-01
4.8874438476562500e+03	8.6073970794677734e-01
4.8879199218750000e+03	8.5784274339675903e-01
4.8883964843750000e+03	8.5486423969268799e-01
4.8888725585937500e+03	8.5180109739303589e-01
4.8893491210937500e+03	8.4865105152130127e-01
4.8898251953125000e+03	8.4541225433349609e-01
4.8903017578125000e+03	8.4208369255065918e-01
4.8907783203125000e+03	8.3866482973098755e-01
4.8912548828125000e+03	8.3515578508377075e-01
4.8917314453125000e+03	8.3155721426010132e-01
4.8922080078125000e+03	8.2787036895751953e-01
4.8926845703125000e+03	8.2409691810607910e-01
4.8931616210937500e+03	8.2023912668228149e-01
4.8936381835937500e+03	8.1629955768585205e-01
4.8941152343750000e+03	8.1228154897689819e-01
4.8945917968750000e+03	8.0818825960159302e-01
4.8950688476562500e+03	8.0402374267578125e-01
4.8955458984375000e+03	7.9979211091995239e-01
4.8960229492187500e+03	7.9549789428710938e-01
4.8965000000000000e+03	7.9114550352096558e-01
4.8969770507812500e+03	7.8674024343490601e-01
4.8974541015625000e+03	7.8228682279586792e-01
4.8979311523437500e+03	7.7779096364974976e-01
4.8984086914062500e+03	7.7325755357742310e-01
4.8988857421875000e+03	7.6869243383407593e-01
4.8993632812500000e+03	7.6410102844238281e-01
4.8998403320312500e+03	7.5948882102966309e-01
4.9003178710937500e+03	7.5486159324645996e-01
4.9007954101562500e+03	7.5022482872009277e-01
4.9012729492187500e+03	7.4558407068252563e-01
4.9017504882812500e+03	7.4094474315643311e-01
4.9022280273437500e+03	7.3631227016448975e-01
4.9027060546875000e+03	7.3169189691543579e-01
4.9031835937500000e+03	7.2708898782730103e-01
4.9036611328125000e+03	7.2250837087631226e-01
4.9041391601562500e+03	7.1795505285263062e-01
4.9046166992187500e+03	7.1343374252319336e-01
4.9050947265625000e+03	7.0894891023635864e-01
4.9055727539062500e+03	7.0449805259704590e-01
4.9060507812500000e+03	7.0010048151016235e-01
4.9065288085937500e+03	6.9575154781341553e-01
4.9070068359375000e+03	6.9145518541336060e-01
4.9074848632812500e+03	6.8721479177474976e-01
4.9079633789062500e+03	6.8303382396697998e-01
4.9084414062500000e+03	6.7891526222229004e-01
4.9089194335937500e+03	6.7486190795898438e-01
4.9093979492187500e+03	6.7087644338607788e-01
4.9098764648437500e+03	6.6696119308471680e-01
4.9103544921875000e+03	6.6311830282211304e-01
4.9108330078125000e+03	6.5934956073760986e-01
4.9113115234375000e+03	6.5565675497055054e-01
4.9117900390625000e+03	6.5204125642776489e-01
4.9122685546875000e+03	6.4850419759750366e-01
4.9127475585937500e+03	6.4504665136337280e-01
4.9132260742187500e+03	6.4166927337646484e-01
4.9137050781250000e+03	6.3837265968322754e-01
4.9141835937500000e+03	6.3515722751617432e-01
4.9146625976562500e+03	6.3202291727066040e-01
4.9151411132812500e+03	6.2896996736526489e-01
4.9156201171875000e+03	6.2599790096282959e-01
4.9160991210937500e+03	6.2310642004013062e-01
4.9165781250000000e+03	6.2029498815536499e-01
4.9170571289062500e+03	6.1756277084350586e-01
4.9175361328125000e+03	6.1490911245346069e-01
4.9180156250000000e+03	6.1233276128768921e-01
4.9184946289062500e+03	6.0983270406723022e-01
4.9189741210937500e+03	6.0740774869918823e-01
4.9194531250000000e+03	6.0505634546279907e-01
4.9199326171875000e+03	6.0277724266052246e-01
4.9204121093750000e+03	6.0056877136230469e-01
4.9208916015625000e+03	5.9842926263809204e-01
4.9213710937500000e+03	5.9635704755783081e-01
4.9218505859375000e+03	5.9435027837753296e-01
4.9223300781250000e+03	5.9240722656250000e-01
4.9228095703125000e+03	5.9052598476409912e-01
4.9232890625000000e+03	5.8870458602905273e-01
4.9237690429687500e+03	5.8694112300872803e-01
4.9242485351562500e+03	5.8523362874984741e-01
4.9247285156250000e+03	5.8358001708984375e-01
4.9252084960937500e+03	5.8197838068008423e-01
4.9256884765625000e+03	5.8042675256729126e-01
4.9261684570312500e+03	5.7892298698425293e-01
4.9266484375000000e+03	5.7746517658233643e-01
4.9271284179687500e+03	5.7605141401290894e-01
4.9276083984375000e+03	5.7467967271804810e-01
4.9280883789062500e+03	5.7334810495376587e-01
4.9285688476562500e+03	5.7205480337142944e-01
4.9290488281250000e+03	5.7079780101776123e-01
4.9295292968750000e+03	5.6957542896270752e-01
4.9300092773437500e+03	5.6838583946228027e-01
4.9304897460937500e+03	5.6722742319107056e-01
4.9309702148437500e+03	5.6609833240509033e-01
4.9314506835937500e+03	5.6499707698822021e-01
4.9319311523437500e+03	5.6392204761505127e-01
4.9324116210937500e+03	5.6287169456481934e-01
4.9328925781250000e+03	5.6184464693069458e-01
4.9333730468750000e+03	5.6083208322525024e-01
4.9338535156250000e+03	5.5984818935394287e-01
4.9343344726562500e+03	5.5888360738754272e-01
4.9348154296875000e+03	5.5793684720993042e-01
4.9352958984375000e+03	5.5700707435607910e-01
4.9357768554687500e+03	5.5609291791915894e-01
4.9362578125000000e+03	5.5519360303878784e-01
4.9367387695312500e+03	5.5430805683135986e-01
4.9372197265625000e+03	5.5343532562255859e-01
4.9377011718750000e+03	5.5257463455200195e-01
4.9381821289062500e+03	5.5172520875930786e-01
4.9386630859375000e+03	5.5088627338409424e-01
4.9391445312500000e+03	5.5005717277526855e-01
4.9396254882812500e+03	5.4923725128173828e-01
4.9401069335937500e+03	5.4842603206634521e-01
4.9405883789062500e+03	5.4762285947799683e-01
4.9410698242187500e+03	5.4682731628417969e-01
4.9415512695312500e+03	5.4603898525238037e-01
4.9420327148437500e+03	5.4525750875473022e-01
4.9425141601562500e+03	5.4448252916336060e-01
4.9429956054687500e+03	5.4371368885040283e-01
4.9434775390625000e+03	5.4295080900192261e-01
4.9439589843750000e+03	5.4219359159469604e-01
4.9444409179687500e+03	5.4144197702407837e-01
4.9449228515625000e+03	5.4069566726684570e-01
4.9454042968750000e+03	5.3995460271835327e-01
4.9458862304687500e+03	5.3921866416931152e-01
4.9463681640625000e+03	5.3848785161972046e-01
4.9468500976562500e+03	5.3776210546493530e-01
4.9473320312500000e+03	5.3704136610031128e-01
4.9478144531250000e+03	5.3632563352584839e-01
4.9482963867187500e+03	5.3561502695083618e-01
4.9487783203125000e+03	5.3490942716598511e-01
4.9492607421875000e+03	5.3420901298522949e-01
4.9497431640625000e+03	5.3351384401321411e-01
4.9502250976562500e+03	5.3282403945922852e-01
4.9507075195312500e+03	5.3213953971862793e-01
4.9511899414062500e+03	5.3146064281463623e-01
4.9516723632812500e+03	5.3078740835189819e-01
4.9521547851562500e+03	5.3011989593505859e-01
4.9526372070312500e+03	5.2945828437805176e-01
4.9531201171875000e+03	5.2880269289016724e-01
4.9536025390625000e+03	5.2815330028533936e-01
4.9540854492187500e+03	5.2751022577285767e-01
4.9545678710937500e+03	5.2687358856201172e-01
4.9550507812500000e+03	5.2624362707138062e-01
4.9555336914062500e+03	5.2562034130096436e-01
4.9560166015625000e+03	5.2500396966934204e-01
4.9564990234375000e+03	5.2439469099044800e-01
4.9569824218750000e+03	5.2378541231155396e-01
4.9574653320312500e+03	5.2319103479385376e-01
4.9579482421875000e+03	5.2260416746139526e-01
4.9584311523437500e+03	5.2202486991882324e-01
4.9589145507812500e+03	5.2145320177078247e-01
4.9593974609375000e+03	5.2088940143585205e-01
4.9598808593750000e+03	5.2033358812332153e-01
4.9603642578125000e+03	5.1978582143783569e-01
4.9608476562500000e+03	5.1924628019332886e-01
4.9613310546875000e+03	5.1871496438980103e-01
4.9618144531250000e+03	5.1819211244583130e-01
4.9622978515625000e+03	5.1767760515213013e-01
4.9627812500000000e+03	5.1717174053192139e-01
4.9632646484375000e+03	5.1667445898056030e-01
4.9637485351562500e+03	5.1618599891662598e-01
4.9642319335937500e+03	5.1570618152618408e-01
4.9647158203125000e+03	5.1523530483245850e-01
4.9651997070312500e+03	5.1477324962615967e-01
4.9656831054687500e+03	5.1432013511657715e-01
4.9661669921875000e+03	5.1387602090835571e-01
4.9666508789062500e+03	5.1344090700149536e-01
4.9671347656250000e+03	5.1301479339599609e-01
4.9676191406250000e+03	5.1259779930114746e-01
4.9681030273437500e+03	5.1218980550765991e-01
4.9685869140625000e+03	5.1178395748138428e-01
4.9690712890625000e+03	5.1139497756958008e-01
4.9695551757812500e+03	5.1101493835449219e-01
4.9700395507812500e+03	5.1064389944076538e-01
4.9705239257812500e+03	5.1028174161911011e-01
4.9710083007812500e+03	5.0992864370346069e-01
4.9714926757812500e+03	5.0958442687988281e-01
4.9719770507812500e+03	5.0924915075302124e-01
4.9724614257812500e+03	5.0892275571823120e-01
4.9729458007812500e+03	5.0860518217086792e-01
4.9734306640625000e+03	5.0829637050628662e-01
4.9739150390625000e+03	5.0799626111984253e-01
4.9743999023437500e+03	5.0770491361618042e-01
4.9748842773437500e+03	5.0742214918136597e-01
4.9753691406250000e+03	5.0714790821075439e-01
4.9758540039062500e+03	5.0688219070434570e-01
4.9763388671875000e+03	5.0662481784820557e-01
4.9768237304687500e+03	5.0637573003768921e-01
4.9773085937500000e+03	5.0613498687744141e-01
4.9777934570312500e+03	5.0590223073959351e-01
4.9782783203125000e+03	5.0567764043807983e-01
4.9787636718750000e+03	5.0546091794967651e-01
4.9792485351562500e+03	5.0525200366973877e-01
4.9797338867187500e+03	5.0505077838897705e-01
4.9802192382812500e+03	5.0485712289810181e-01
4.9807045898437500e+03	5.0467097759246826e-01
4.9811894531250000e+03	5.0449222326278687e-01
4.9816748046875000e+03	5.0432056188583374e-01
4.9821606445312500e+03	5.0415605306625366e-01
4.9826459960937500e+03	5.0399845838546753e-01
4.9831313476562500e+03	5.0384759902954102e-01
4.9836166992187500e+03	5.0370335578918457e-01
4.9841025390625000e+03	5.0356566905975342e-01
4.9845883789062500e+03	5.0343424081802368e-01
4.9850737304687500e+03	5.0330895185470581e-01
4.9855595703125000e+03	5.0318968296051025e-01
4.9860454101562500e+03	5.0307607650756836e-01
4.9865312500000000e+03	5.0296819210052490e-01
4.9870170898437500e+03	5.0286567211151123e-01
4.9875029296875000e+03	5.0276845693588257e-01
4.9879887695312500e+03	5.0267624855041504e-01
4.9884750976562500e+03	5.0258886814117432e-01
4.9889609375000000e+03	5.0250607728958130e-01
4.9894472656250000e+03	5.0242769718170166e-01
4.9899331054687500e+03	5.0235354900360107e-01
4.9904194335937500e+03	5.0228327512741089e-01
4.9909057617187500e+03	5.0221681594848633e-01
4.9913920898437500e+03	5.0215381383895874e-01
4.9918784179687500e+03	5.0209408998489380e-01
4.9923647460937500e+03	5.0203734636306763e-01
4.9928510742187500e+03	5.0198334455490112e-01
4.9933378906250000e+03	5.0193184614181519e-01
4.9938242187500000e+03	5.0188255310058594e-01
4.9943110351562500e+03	5.0183528661727905e-01
4.9947973632812500e+03	5.0178968906402588e-01
4.9952841796875000e+03	5.0174546241760254e-01
4.9957709960937500e+03	5.0170230865478516e-01
4.9962578125000000e+03	5.0166004896163940e-01
4.9967446289062500e+03	5.0161832571029663e-01
4.9972314453125000e+03	5.0157678127288818e-01
4.9977182617187500e+03	5.0153523683547974e-01
4.9982050781250000e+03	5.0149321556091309e-01
4.9986923828125000e+03	5.0145053863525391e-01
4.9991791992187500e+03	5.0140684843063354e-01
4.9996665039062500e+03	5.0136190652847290e-01
5.0001533203125000e+03	5.0131517648696899e-01
5.0006406250000000e+03	5.0126653909683228e-01
5.0011279296875000e+03	5.0121551752090454e-01
5.0016152343750000e+03	5.0116187334060669e-01
5.0021025390625000e+03	5.0110524892807007e-01
5.0025898437500000e+03	5.0104528665542603e-01
5.0030776367187500e+03	5.0098162889480591e-01
5.0035649414062500e+03	5.0091397762298584e-01
5.0040522460937500e+03	5.0084203481674194e-01
5.0045400390625000e+03	5.0076532363891602e-01
5.0050278320312500e+03	5.0068366527557373e-01
5.0055151367187500e+03	5.0059652328491211e-01
5.0060029296875000e+03	5.0050383806228638e-01
5.0064907226562500e+03	5.0040501356124878e-01
5.0069785156250000e+03	5.0029975175857544e-01
5.0074663085937500e+03	5.0018787384033203e-01
5.0079545898437500e+03	5.0006896257400513e-01
5.0084423828125000e+03	4.9994263052940369e-01
5.0089306640625000e+03	4.9980866909027100e-01
5.0094184570312500e+03	4.9966672062873840e-01
5.0099067382812500e+03	4.9951648712158203e-01
5.0103945312500000e+03	4.9935761094093323e-01
5.0108828125000000e+03	4.9918988347053528e-01
5.0113710937500000e+03	4.9901303648948669e-01
5.0118593750000000e+03	4.9882668256759644e-01
5.0123476562500000e+03	4.9863061308860779e-01
5.0128364257812500e+03	4.9842458963394165e-01
5.0133247070312500e+03	4.9820831418037415e-01
5.0138129882812500e+03	4.9798169732093811e-01
5.0143017578125000e+03	4.9774429202079773e-01
5.0147900390625000e+03	4.9749606847763062e-01
5.0152788085937500e+03	4.9723672866821289e-01
5.0157675781250000e+03	4.9696609377861023e-01
5.0162563476562500e+03	4.9668404459953308e-01
5.0167451171875000e+03	4.9639034271240234e-01
5.0172338867187500e+03	4.9608495831489563e-01
5.0177226562500000e+03	4.9576762318611145e-01
5.0182114257812500e+03	4.9543836712837219e-01
5.0187006835937500e+03	4.9509701132774353e-01
5.0191894531250000e+03	4.9474346637725830e-01
5.0196787109375000e+03	4.9437770247459412e-01
5.0201679687500000e+03	4.9399963021278381e-01
5.0206567382812500e+03	4.9360924959182739e-01
5.0211459960937500e+03	4.9320659041404724e-01
5.0216352539062500e+03	4.9279159307479858e-01
5.0221245117187500e+03	4.9236428737640381e-01
5.0226137695312500e+03	4.9192470312118530e-01
5.0231035156250000e+03	4.9147292971611023e-01
5.0235927734375000e+03	4.9100902676582336e-01
5.0240825195312500e+03	4.9053308367729187e-01
5.0245717773437500e+03	4.9004524946212769e-01
5.0250615234375000e+03	4.8954558372497559e-01
5.0255512695312500e+03	4.8903426527976990e-01
5.0260405273437500e+03	4.8851144313812256e-01
5.0265302734375000e+03	4.8797732591629028e-01
5.0270200195312500e+03	4.8743209242820740e-01
5.0275102539062500e+03	4.8687592148780823e-01
5.0280000000000000e+03	4.8630908131599426e-01
5.0284897460937500e+03	4.8573184013366699e-01
5.0289799804687500e+03	4.8514437675476074e-01
5.0294697265625000e+03	4.8454698920249939e-01
5.0299599609375000e+03	4.8393994569778442e-01
5.0304501953125000e+03	4.8332357406616211e-01
5.0309399414062500e+03	4.8269826173782349e-01
5.0314301757812500e+03	4.8206415772438049e-01
5.0319204101562500e+03	4.8142170906066895e-01
5.0324106445312500e+03	4.8077124357223511e-01
5.0329013671875000e+03	4.8011311888694763e-01
5.0333916015625000e+03	4.7944766283035278e-01
5.0338818359375000e+03	4.7877526283264160e-01
5.0343725585937500e+03	4.7809630632400513e-01
5.0348632812500000e+03	4.7741118073463440e-01
5.0353535156250000e+03	4.7672030329704285e-01
5.0358442382812500e+03	4.7602403163909912e-01
5.0363349609375000e+03	4.7532278299331665e-01
5.0368256835937500e+03	4.7461694478988647e-01
5.0373164062500000e+03	4.7390696406364441e-01
5.0378071289062500e+03	4.7319319844245911e-01
5.0382983398437500e+03	4.7247609496116638e-01
5.0387890625000000e+03	4.7175607085227966e-01
5.0392797851562500e+03	4.7103351354598999e-01
5.0397709960937500e+03	4.7030887007713318e-01
5.0402622070312500e+03	4.6958252787590027e-01
5.0407534179687500e+03	4.6885490417480469e-01
5.0412441406250000e+03	4.6812635660171509e-01
5.0417353515625000e+03	4.6739733219146729e-01
5.0422270507812500e+03	4.6666824817657471e-01
5.0427182617187500e+03	4.6593946218490601e-01
5.0432094726562500e+03	4.6521133184432983e-01
5.0437006835937500e+03	4.6448424458503723e-01
5.0441923828125000e+03	4.6375858783721924e-01
5.0446835937500000e+03	4.6303468942642212e-01
5.0451752929687500e+03	4.6231299638748169e-01
5.0456669921875000e+03	4.6159377694129944e-01
5.0461586914062500e+03	4.6087732911109924e-01
5.0466503906250000e+03	4.6016407012939453e-01
5.0471420898437500e+03	4.5945429801940918e-01
5.0476337890625000e+03	4.5874822139739990e-01
5.0481254882812500e+03	4.5804625749588013e-01
5.0486176757812500e+03	4.5734864473342896e-01
5.0491093750000000e+03	4.5665562152862549e-01
5.0496015625000000e+03	4.5596751570701599e-01
5.0500932617187500e+03	4.5528450608253479e-01
5.0505854492187500e+03	4.5460686087608337e-01
5.0510776367187500e+03	4.5393484830856323e-01
5.0515698242187500e+03	4.5326861739158630e-01
5.0520620117187500e+03	4.5260837674140930e-01
5.0525541992187500e+03	4.5195427536964417e-01
5.0530463867187500e+03	4.5130667090415955e-01
5.0535390625000000e+03	4.5066553354263306e-01
5.0540312500000000e+03	4.5003110170364380e-01
5.0545239257812500e+03	4.4940349459648132e-01
5.0550161132812500e+03	4.4878283143043518e-01
5.0555087890625000e+03	4.4816926121711731e-01
5.0560014648437500e+03	4.4756290316581726e-01
5.0564941406250000e+03	4.4696381688117981e-01
5.0569868164062500e+03	4.4637203216552734e-01
5.0574794921875000e+03	4.4578775763511658e-01
5.0579721679687500e+03	4.4521099328994751e-01
5.0584648437500000e+03	4.4464173913002014e-01
5.0589580078125000e+03	4.4408008456230164e-01
5.0594506835937500e+03	4.4352611899375916e-01
5.0599438476562500e+03	4.4297978281974792e-01
5.0604370117187500e+03	4.4244113564491272e-01
5.0609301757812500e+03	4.4191017746925354e-01
5.0614228515625000e+03	4.4138684868812561e-01
5.0619160156250000e+03	4.4087129831314087e-01
5.0624096679687500e+03	4.4036334753036499e-01
5.0629028320312500e+03	4.3986305594444275e-01
5.0633959960937500e+03	4.3937039375305176e-01
5.0638891601562500e+03	4.3888530135154724e-01
5.0643828125000000e+03	4.3840771913528442e-01
5.0648764648437500e+03	4.3793770670890808e-01
5.0653696289062500e+03	4.3747508525848389e-01
5.0658632812500000e+03	4.3701985478401184e-01
5.0663569335937500e+03	4.3657195568084717e-01
5.0668505859375000e+03	4.3613135814666748e-01
5.0673442382812500e+03	4.3569800257682800e-01
5.0678378906250000e+03	4.3527173995971680e-01
5.0683320312500000e+03	4.3485254049301147e-01
5.0688256835937500e+03	4.3444034457206726e-01
5.0693193359375000e+03	4.3403503298759460e-01
5.0698134765625000e+03	4.3363660573959351e-01
5.0703076171875000e+03	4.3324491381645203e-01
5.0708017578125000e+03	4.3285995721817017e-01
5.0712954101562500e+03	4.3248152732849121e-01
5.0717895507812500e+03	4.3210965394973755e-01
5.0722836914062500e+03	4.3174418807029724e-01
5.0727783203125000e+03	4.3138512969017029e-01
5.0732724609375000e+03	4.3103232979774475e-01
5.0737666015625000e+03	4.3068572878837585e-01
5.0742612304687500e+03	4.3034520745277405e-01
5.0747553710937500e+03	4.3001070618629456e-01
5.0752500000000000e+03	4.2968222498893738e-01
5.0757446289062500e+03	4.2935961484909058e-01
5.0762392578125000e+03	4.2904278635978699e-01
5.0767338867187500e+03	4.2873167991638184e-01
5.0772285156250000e+03	4.2842626571655273e-01
5.0777231445312500e+03	4.2812639474868774e-01
5.0782177734375000e+03	4.2783209681510925e-01
5.0787128906250000e+03	4.2754322290420532e-01
5.0792075195312500e+03	4.2725968360900879e-01
5.0797026367187500e+03	4.2698153853416443e-01
5.0801972656250000e+03	4.2670863866806030e-01
5.0806923828125000e+03	4.2644086480140686e-01
5.0811875000000000e+03	4.2617824673652649e-01
5.0816826171875000e+03	4.2592075467109680e-01
5.0821777343750000e+03	4.2566820979118347e-01
5.0826728515625000e+03	4.2542070150375366e-01
5.0831679687500000e+03	4.2517811059951782e-01
5.0836635742187500e+03	4.2494040727615356e-01
5.0841586914062500e+03	4.2470747232437134e-01
5.0846542968750000e+03	4.2447936534881592e-01
5.0851494140625000e+03	4.2425599694252014e-01
5.0856450195312500e+03	4.2403733730316162e-01
5.0861406250000000e+03	4.2382323741912842e-01
5.0866362304687500e+03	4.2361390590667725e-01
5.0871318359375000e+03	4.2340901494026184e-01
5.0876274414062500e+03	4.2320874333381653e-01
5.0881230468750000e+03	4.2301294207572937e-01
5.0886191406250000e+03	4.2282167077064514e-01
5.0891147460937500e+03	4.2263484001159668e-01
5.0896108398437500e+03	4.2245241999626160e-01
5.0901064453125000e+03	4.2227435111999512e-01
5.0906025390625000e+03	4.2210069298744202e-01
5.0910986328125000e+03	4.2193132638931274e-01
5.0915947265625000e+03	4.2176631093025208e-01
5.0920908203125000e+03	4.2160552740097046e-01
5.0925869140625000e+03	4.2144903540611267e-01
5.0930830078125000e+03	4.2129674553871155e-01
5.0935791015625000e+03	4.2114865779876709e-01
5.0940756835937500e+03	4.2100480198860168e-01
5.0945717773437500e+03	4.2086511850357056e-01
5.0950683593750000e+03	4.2072954773902893e-01
5.0955649414062500e+03	4.2059805989265442e-01
5.0960615234375000e+03	4.2047074437141418e-01
5.0965581054687500e+03	4.2034745216369629e-01
5.0970546875000000e+03	4.2022824287414551e-01
5.0975512695312500e+03	4.2011305689811707e-01
5.0980478515625000e+03	4.2000198364257812e-01
5.0985444335937500e+03	4.1989478468894958e-01
5.0990415039062500e+03	4.1979166865348816e-01
5.0995380859375000e+03	4.1969245672225952e-01
5.1000351562500000e+03	4.1959723830223083e-01
5.1005322265625000e+03	4.1950595378875732e-01
5.1010288085937500e+03	4.1941860318183899e-01
5.1015258789062500e+03	4.1933512687683105e-01
5.1020229492187500e+03	4.1925552487373352e-01
5.1025200195312500e+03	4.1917979717254639e-01
5.1030175781250000e+03	4.1910794377326965e-01
5.1035146484375000e+03	4.1903993487358093e-01
5.1040117187500000e+03	4.1897571086883545e-01
5.1045092773437500e+03	4.1891539096832275e-01
5.1050063476562500e+03	4.1885882616043091e-01
5.1055039062500000e+03	4.1880607604980469e-01
5.1060014648437500e+03	4.1875708103179932e-01
5.1064990234375000e+03	4.1871190071105957e-01
5.1069965820312500e+03	4.1867050528526306e-01
5.1074941406250000e+03	4.1863283514976501e-01
5.1079916992187500e+03	4.1859892010688782e-01
5.1084897460937500e+03	4.1856876015663147e-01
5.1089873046875000e+03	4.1854235529899597e-01
5.1094848632812500e+03	4.1851967573165894e-01
5.1099829101562500e+03	4.1850078105926514e-01
5.1104809570312500e+03	4.1848564147949219e-01
5.1109790039062500e+03	4.1847428679466248e-01
5.1114765625000000e+03	4.1846659779548645e-01
5.1119746093750000e+03	4.1846269369125366e-01
5.1124731445312500e+03	4.1846257448196411e-01
5.1129711914062500e+03	4.1846618056297302e-01
5.1134692382812500e+03	4.1847363114356995e-01
5.1139672851562500e+03	4.1848483681678772e-01
5.1144658203125000e+03	4.1849985718727112e-01
5.1149643554687500e+03	4.1851872205734253e-01
5.1154624023437500e+03	4.1854140162467957e-01
5.1159609375000000e+03	4.1856798529624939e-01
5.1164594726562500e+03	4.1859838366508484e-01
5.1169580078125000e+03	4.1863271594047546e-01
5.1174565429687500e+03	4.1867092251777649e-01
5.1179550781250000e+03	4.1871315240859985e-01
5.1184541015625000e+03	4.1875931620597839e-01
5.1189526367187500e+03	4.1880947351455688e-01
5.1194511718750000e+03	4.1886365413665771e-01
5.1199501953125000e+03	4.1892194747924805e-01
5.1204492187500000e+03	4.1898429393768311e-01
5.1209477539062500e+03	4.1905081272125244e-01
5.1214467773437500e+03	4.1912144422531128e-01
5.1219458007812500e+03	4.1919624805450439e-01
5.1224448242187500e+03	4.1927534341812134e-01
5.1229443359375000e+03	4.1935870051383972e-01
5.1234433593750000e+03	4.1944631934165955e-01
5.1239423828125000e+03	4.1953828930854797e-01
5.1244418945312500e+03	4.1963467001914978e-01
5.1249409179687500e+03	4.1973549127578735e-01
5.1254404296875000e+03	4.1984072327613831e-01
5.1259399414062500e+03	4.1995042562484741e-01
5.1264394531250000e+03	4.2006471753120422e-01
5.1269389648437500e+03	4.2018350958824158e-01
5.1274384765625000e+03	4.2030692100524902e-01
5.1279379882812500e+03	4.2043498158454895e-01
5.1284375000000000e+03	4.2056766152381897e-01
5.1289375000000000e+03	4.2070508003234863e-01
5.1294370117187500e+03	4.2084717750549316e-01
5.1299370117187500e+03	4.2099407315254211e-01
5.1304365234375000e+03	4.2114570736885071e-01
5.1309365234375000e+03	4.2130208015441895e-01
5.1314365234375000e+03	4.2146325111389160e-01
5.1319365234375000e+03	4.2162930965423584e-01
5.1324365234375000e+03	4.2180013656616211e-01
5.1329365234375000e+03	4.2197582125663757e-01
5.1334370117187500e+03	4.2215630412101746e-01
5.1339370117187500e+03	4.2234164476394653e-01
5.1344375000000000e+03	4.2253175377845764e-01
5.1349375000000000e+03	4.2272669076919556e-01
5.1354379882812500e+03	4.2292639613151550e-01
5.1359384765625000e+03	4.2313089966773987e-01
5.1364389648437500e+03	4.2334005236625671e-01
5.1369389648437500e+03	4.2355391383171082e-01
5.1374399414062500e+03	4.2377242445945740e-01
5.1379404296875000e+03	4.2399549484252930e-01
5.1384409179687500e+03	4.2422318458557129e-01
5.1389414062500000e+03	4.2445519566535950e-01
5.1394423828125000e+03	4.2469164729118347e-01
5.1399428710937500e+03	4.2493242025375366e-01
5.1404438476562500e+03	4.2517739534378052e-01
5.1409448242187500e+03	4.2542651295661926e-01
5.1414458007812500e+03	4.2567959427833557e-01
5.1419467773437500e+03	4.2593657970428467e-01
5.1424477539062500e+03	4.2619732022285461e-01
5.1429487304687500e+03	4.2646169662475586e-01
5.1434497070312500e+03	4.2672958970069885e-01
5.1439511718750000e+03	4.2700082063674927e-01
5.1444521484375000e+03	4.2727524042129517e-01
5.1449536132812500e+03	4.2755267024040222e-01
5.1454550781250000e+03	4.2783293128013611e-01
5.1459560546875000e+03	4.2811581492424011e-01
5.1464575195312500e+03	4.2840120196342468e-01
5.1469589843750000e+03	4.2868885397911072e-01
5.1474604492187500e+03	4.2897856235504150e-01
5.1479619140625000e+03	4.2927002906799316e-01
5.1484638671875000e+03	4.2956313490867615e-01
5.1489653320312500e+03	4.2985761165618896e-01
5.1494672851562500e+03	4.3015322089195251e-01
5.1499687500000000e+03	4.3044966459274292e-01
5.1504707031250000e+03	4.3074676394462585e-01
5.1509726562500000e+03	4.3104413151741028e-01
5.1514746093750000e+03	4.3134161829948425e-01
5.1519760742187500e+03	4.3163889646530151e-01
5.1524785156250000e+03	4.3193563818931580e-01
5.1529804687500000e+03	4.3223163485527039e-01
5.1534824218750000e+03	4.3252655863761902e-01
5.1539843750000000e+03	4.3282014131546021e-01
5.1544868164062500e+03	4.3311196565628052e-01
5.1549887695312500e+03	4.3340185284614563e-01
5.1554912109375000e+03	4.3368944525718689e-01
5.1559936523437500e+03	4.3397441506385803e-01
5.1564960937500000e+03	4.3425643444061279e-01
5.1569985351562500e+03	4.3453520536422729e-01
5.1575009765625000e+03	4.3481045961380005e-01
5.1580034179687500e+03	4.3508183956146240e-01
5.1585058593750000e+03	4.3534895777702332e-01
5.1590087890625000e+03	4.3561163544654846e-01
5.1595112304687500e+03	4.3586945533752441e-01
5.1600141601562500e+03	4.3612211942672729e-01
5.1605170898437500e+03	4.3636935949325562e-01
5.1610195312500000e+03	4.3661084771156311e-01
5.1615224609375000e+03	4.3684619665145874e-01
5.1620253906250000e+03	4.3707522749900818e-01
5.1625283203125000e+03	4.3729764223098755e-01
5.1630312500000000e+03	4.3751305341720581e-01
5.1635346679687500e+03	4.3772125244140625e-01
5.1640375976562500e+03	4.3792197108268738e-01
5.1645410156250000e+03	4.3811485171318054e-01
5.1650439453125000e+03	4.3829974532127380e-01
5.1655473632812500e+03	4.3847635388374329e-01
5.1660507812500000e+03	4.3864443898200989e-01
5.1665541992187500e+03	4.3880373239517212e-01
5.1670576171875000e+03	4.3895408511161804e-01
5.1675610351562500e+03	4.3909519910812378e-01
5.1680644531250000e+03	4.3922692537307739e-01
5.1685678710937500e+03	4.3934905529022217e-01
5.1690717773437500e+03	4.3946141004562378e-01
5.1695751953125000e+03	4.3956378102302551e-01
5.1700791015625000e+03	4.3965610861778259e-01
5.1705825195312500e+03	4.3973821401596069e-01
5.1710864257812500e+03	4.3980991840362549e-01
5.1715903320312500e+03	4.3987113237380981e-01
5.1720942382812500e+03	4.3992182612419128e-01
5.1725981445312500e+03	4.3996179103851318e-01
5.1731020507812500e+03	4.3999096751213074e-01
5.1736064453125000e+03	4.4000938534736633e-01
5.1741103515625000e+03	4.4001695513725281e-01
5.1746147460937500e+03	4.4001358747482300e-01
5.1751186523437500e+03	4.3999934196472168e-01
5.1756230468750000e+03	4.3997412919998169e-01
5.1761274414062500e+03	4.3993803858757019e-01
5.1766318359375000e+03	4.3989107012748718e-01
5.1771362304687500e+03	4.3983325362205505e-01
5.1776406250000000e+03	4.3976461887359619e-01
5.1781450195312500e+03	4.3968528509140015e-01
5.1786494140625000e+03	4.3959525227546692e-01
5.1791542968750000e+03	4.3949469923973083e-01
5.1796586914062500e+03	4.3938371539115906e-01
5.1801635742187500e+03	4.3926239013671875e-01
5.1806679687500000e+03	4.3913084268569946e-01
5.1811728515625000e+03	4.3898925185203552e-01
5.1816777343750000e+03	4.3883782625198364e-01
5.1821826171875000e+03	4.3867656588554382e-01
5.1826875000000000e+03	4.3850582838058472e-01
5.1831928710937500e+03	4.3832579255104065e-01
5.1836977539062500e+03	4.3813651800155640e-01
5.1842026367187500e+03	4.3793833255767822e-01
5.1847080078125000e+03	4.3773147463798523e-01
5.1852128906250000e+03	4.3751612305641174e-01
5.1857182617187500e+03	4.3729254603385925e-01
5.1862236328125000e+03	4.3706098198890686e-01
5.1867290039062500e+03	4.3682181835174561e-01
5.1872343750000000e+03	4.3657514452934265e-01
5.1877397460937500e+03	4.3632128834724426e-01
5.1882451171875000e+03	4.3606060743331909e-01
5.1887509765625000e+03	4.3579334020614624e-01
5.1892563476562500e+03	4.3551978468894958e-01
5.1897617187500000e+03	4.3524023890495300e-01
5.1902675781250000e+03	4.3495509028434753e-01
5.1907734375000000e+03	4.3466460704803467e-01
5.1912792968750000e+03	4.3436902761459351e-01
5.1917851562500000e+03	4.3406876921653748e-01
5.1922910156250000e+03	4.3376412987709045e-01
5.1927968750000000e+03	4.3345543742179871e-01
5.1933027343750000e+03	4.3314307928085327e-01
5.1938085937500000e+03	4.3282729387283325e-01
5.1943149414062500e+03	4.3250852823257446e-01
5.1948208007812500e+03	4.3218702077865601e-01
5.1953271484375000e+03	4.3186315894126892e-01
5.1958334960937500e+03	4.3153718113899231e-01
5.1963393554687500e+03	4.3120962381362915e-01
5.1968457031250000e+03	4.3088063597679138e-01
5.1973520507812500e+03	4.3055066466331482e-01
5.1978588867187500e+03	4.3021994829177856e-01
5.1983652343750000e+03	4.2988890409469604e-01
5.1988715820312500e+03	4.2955774068832397e-01
5.1993784179687500e+03	4.2922687530517578e-01
5.1998847656250000e+03	4.2889669537544250e-01
5.2003916015625000e+03	4.2856732010841370e-01
5.2008984375000000e+03	4.2823919653892517e-01
5.2014047851562500e+03	4.2791259288787842e-01
5.2019116210937500e+03	4.2758777737617493e-01
5.2024184570312500e+03	4.2726507782936096e-01
5.2029257812500000e+03	4.2694479227066040e-01
5.2034326171875000e+03	4.2662712931632996e-01
5.2039394531250000e+03	4.2631241679191589e-01
5.2044467773437500e+03	4.2600089311599731e-01
5.2049536132812500e+03	4.2569282650947571e-01
5.2054609375000000e+03	4.2538845539093018e-01
5.2059682617187500e+03	4.2508804798126221e-01
5.2064750976562500e+03	4.2479178309440613e-01
5.2069824218750000e+03	4.2449989914894104e-01
5.2074897460937500e+03	4.2421257495880127e-01
5.2079975585937500e+03	4.2392998933792114e-01
5.2085048828125000e+03	4.2365247011184692e-01
5.2090122070312500e+03	4.2338010668754578e-01
5.2095200195312500e+03	4.2311298847198486e-01
5.2100273437500000e+03	4.2285141348838806e-01
5.2105351562500000e+03	4.2259544134140015e-01
5.2110429687500000e+03	4.2234528064727783e-01
5.2115507812500000e+03	4.2210096120834351e-01
5.2120585937500000e+03	4.2186266183853149e-01
5.2125664062500000e+03	4.2163050174713135e-01
5.2130742187500000e+03	4.2140454053878784e-01
5.2135820312500000e+03	4.2118483781814575e-01
5.2140898437500000e+03	4.2097145318984985e-01
5.2145981445312500e+03	4.2076456546783447e-01
5.2151059570312500e+03	4.2056414484977722e-01
5.2156142578125000e+03	4.2037019133567810e-01
5.2161225585937500e+03	4.2018276453018188e-01
5.2166308593750000e+03	4.2000189423561096e-01
5.2171391601562500e+03	4.1982755064964294e-01
5.2176474609375000e+03	4.1965982317924500e-01
5.2181557617187500e+03	4.1949859261512756e-01
5.2186640625000000e+03	4.1934391856193542e-01
5.2191728515625000e+03	4.1919571161270142e-01
5.2196811523437500e+03	4.1905391216278076e-01
5.2201899414062500e+03	4.1891857981681824e-01
5.2206987304687500e+03	4.1878956556320190e-01
5.2212070312500000e+03	4.1866680979728699e-01
5.2217158203125000e+03	4.1855028271675110e-01
5.2222246093750000e+03	4.1843986511230469e-01
5.2227333984375000e+03	4.1833546757698059e-01
5.2232426757812500e+03	4.1823703050613403e-01
5.2237514648437500e+03	4.1814443469047546e-01
5.2242602539062500e+03	4.1805756092071533e-01
5.2247695312500000e+03	4.1797623038291931e-01
5.2252783203125000e+03	4.1790050268173218e-01
5.2257875976562500e+03	4.1783016920089722e-01
5.2262968750000000e+03	4.1776502132415771e-01
5.2268061523437500e+03	4.1770505905151367e-01
5.2273154296875000e+03	4.1765004396438599e-01
5.2278247070312500e+03	4.1759997606277466e-01
5.2283339843750000e+03	4.1755461692810059e-01
5.2288437500000000e+03	4.1751378774642944e-01
5.2293530273437500e+03	4.1747745871543884e-01
5.2298623046875000e+03	4.1744536161422729e-01
5.2303720703125000e+03	4.1741749644279480e-01
5.2308818359375000e+03	4.1739368438720703e-01
5.2313916015625000e+03	4.1737365722656250e-01
5.2319013671875000e+03	4.1735741496086121e-01
5.2324111328125000e+03	4.1734477877616882e-01
5.2329208984375000e+03	4.1733559966087341e-01
5.2334306640625000e+03	4.1732972860336304e-01
5.2339404296875000e+03	4.1732704639434814e-01
5.2344506835937500e+03	4.1732743382453918e-01
5.2349604492187500e+03	4.1733062267303467e-01
5.2354707031250000e+03	4.1733667254447937e-01
5.2359809570312500e+03	4.1734537482261658e-01
5.2364912109375000e+03	4.1735655069351196e-01
5.2370009765625000e+03	4.1737011075019836e-01
5.2375117187500000e+03	4.1738593578338623e-01
5.2380219726562500e+03	4.1740396618843079e-01
5.2385322265625000e+03	4.1742399334907532e-01
5.2390424804687500e+03	4.1744598746299744e-01
5.2395532226562500e+03	4.1746971011161804e-01
5.2400634765625000e+03	4.1749516129493713e-01
5.2405742187500000e+03	4.1752222180366516e-01
5.2410849609375000e+03	4.1755077242851257e-01
5.2415957031250000e+03	4.1758069396018982e-01
5.2421064453125000e+03	4.1761192679405212e-01
5.2426171875000000e+03	4.1764429211616516e-01
5.2431279296875000e+03	4.1767781972885132e-01
5.2436386718750000e+03	4.1771230101585388e-01
5.2441494140625000e+03	4.1774770617485046e-01
5.2446606445312500e+03	4.1778400540351868e-01
5.2451718750000000e+03	4.1782096028327942e-01
5.2456826171875000e+03	4.1785854101181030e-01
5.2461938476562500e+03	4.1788938641548157e-01
5.2467050781250000e+03	4.1792830824851990e-01
5.2472163085937500e+03	4.1796758770942688e-01
5.2477275390625000e+03	4.1800716519355774e-01
5.2482387695312500e+03	4.1804698109626770e-01
5.2487500000000000e+03	4.1808697581291199e-01
5.2492617187500000e+03	4.1812697052955627e-01
5.2497729492187500e+03	4.1816696524620056e-01
5.2502846679687500e+03	4.1820684075355530e-01
5.2507963867187500e+03	4.1824653744697571e-01
5.2513076171875000e+03	4.1828590631484985e-01
5.2518193359375000e+03	4.1832497715950012e-01
5.2523310546875000e+03	4.1836357116699219e-01
5.2528427734375000e+03	4.1840159893035889e-01
5.2533549804687500e+03	4.1843900084495544e-01
5.2538666992187500e+03	4.1847568750381470e-01
5.2543784179687500e+03	4.1851150989532471e-01
5.2548906250000000e+03	4.1854640841484070e-01
5.2554028320312500e+03	4.1858035326004028e-01
5.2559145507812500e+03	4.1861310601234436e-01
5.2564267578125000e+03	4.1864469647407532e-01
5.2569389648437500e+03	4.1867491602897644e-01
5.2574511718750000e+03	4.1870373487472534e-01
5.2579633789062500e+03	4.1873100399971008e-01
5.2584755859375000e+03	4.1875666379928589e-01
5.2589882812500000e+03	4.1878059506416321e-01
5.2595004882812500e+03	4.1880261898040771e-01
5.2600131835937500e+03	4.1882270574569702e-01
5.2605253906250000e+03	4.1884070634841919e-01
5.2610380859375000e+03	4.1885653138160706e-01
5.2615507812500000e+03	4.1887009143829346e-01
5.2620634765625000e+03	4.1888120770454407e-01
5.2625761718750000e+03	4.1888988018035889e-01
5.2630888671875000e+03	4.1889590024948120e-01
5.2636015625000000e+03	4.1889917850494385e-01
5.2641147460937500e+03	4.1889968514442444e-01
5.2646274414062500e+03	4.1889724135398865e-01
5.2651406250000000e+03	4.1889178752899170e-01
5.2656533203125000e+03	4.1888323426246643e-01
5.2661665039062500e+03	4.1887143254280090e-01
5.2666796875000000e+03	4.1885641217231750e-01
5.2671928710937500e+03	4.1883793473243713e-01
5.2677060546875000e+03	4.1881603002548218e-01
5.2682192382812500e+03	4.1879057884216309e-01
5.2687329101562500e+03	4.1876152157783508e-01
5.2692460937500000e+03	4.1872879862785339e-01
5.2697592773437500e+03	4.1869238018989563e-01
5.2702729492187500e+03	4.1865211725234985e-01
5.2707866210937500e+03	4.1860803961753845e-01
5.2713002929687500e+03	4.1856011748313904e-01
5.2718134765625000e+03	4.1850829124450684e-01
5.2723271484375000e+03	4.1845253109931946e-01
5.2728413085937500e+03	4.1839283704757690e-01
5.2733549804687500e+03	4.1832920908927917e-01
5.2738686523437500e+03	4.1826158761978149e-01
5.2743823242187500e+03	4.1819006204605103e-01
5.2748964843750000e+03	4.1811460256576538e-01
5.2754106445312500e+03	4.1803520917892456e-01
5.2759243164062500e+03	4.1795194149017334e-01
5.2764384765625000e+03	4.1786488890647888e-01
5.2769526367187500e+03	4.1777399182319641e-01
5.2774667968750000e+03	4.1767939925193787e-01
5.2779809570312500e+03	4.1758111119270325e-01
5.2784951171875000e+03	4.1747924685478210e-01
5.2790097656250000e+03	4.1737380623817444e-01
5.2795239257812500e+03	4.1726502776145935e-01
5.2800385742187500e+03	4.1715285181999207e-01
5.2805527343750000e+03	4.1703739762306213e-01
5.2810673828125000e+03	4.1691893339157104e-01
5.2815820312500000e+03	4.1679736971855164e-01
5.2820966796875000e+03	4.1667291522026062e-01
5.2826113281250000e+03	4.1654568910598755e-01
5.2831259765625000e+03	4.1641578078269958e-01
5.2836406250000000e+03	4.1628342866897583e-01
5.2841557617187500e+03	4.1614866256713867e-01
5.2846704101562500e+03	4.1601166129112244e-01
5.2851855468750000e+03	4.1587254405021667e-01
5.2857001953125000e+03	4.1573151946067810e-01
5.2862153320312500e+03	4.1558864712715149e-01
5.2867304687500000e+03	4.1544413566589355e-01
5.2872456054687500e+03	4.1529810428619385e-01
5.2877607421875000e+03	4.1515076160430908e-01
5.2882758789062500e+03	4.1500210762023926e-01
5.2887915039062500e+03	4.1485244035720825e-01
5.2893066406250000e+03	4.1470181941986084e-01
5.2898217773437500e+03	4.1455036401748657e-01
5.2903374023437500e+03	4.1439831256866455e-01
5.2908530273437500e+03	4.1424572467803955e-01
5.2913681640625000e+03	4.1409268975257874e-01
5.2918837890625000e+03	4.1393938660621643e-01
5.2923994140625000e+03	4.1378587484359741e-01
5.2929155273437500e+03	4.1363230347633362e-01
5.2934311523437500e+03	4.1347879171371460e-01
5.2939467773437500e+03	4.1332536935806274e-01
5.2944624023437500e+03	4.1317215561866760e-01
5.2949785156250000e+03	4.1301923990249634e-01
5.2954946289062500e+03	4.1286662220954895e-01
5.2960102539062500e+03	4.1271448135375977e-01
5.2965263671875000e+03	4.1256272792816162e-01
5.2970424804687500e+03	4.1241151094436646e-01
5.2975585937500000e+03	4.1226077079772949e-01
5.2980747070312500e+03	4.1211056709289551e-01
5.2985908203125000e+03	4.1196087002754211e-01
5.2991074218750000e+03	4.1181176900863647e-01
5.2996235351562500e+03	4.1166311502456665e-01
5.3001401367187500e+03	4.1151499748229980e-01
5.3006562500000000e+03	4.1136732697486877e-01
5.3011728515625000e+03	4.1122004389762878e-01
5.3016894531250000e+03	4.1107314825057983e-01
5.3022060546875000e+03	4.1092649102210999e-01
5.3027226562500000e+03	4.1078004240989685e-01
5.3032392578125000e+03	4.1063371300697327e-01
5.3037563476562500e+03	4.1048738360404968e-01
5.3042729492187500e+03	4.1034099459648132e-01
5.3047895507812500e+03	4.1019439697265625e-01
5.3053066406250000e+03	4.1004744172096252e-01
5.3058237304687500e+03	4.0990006923675537e-01
5.3063403320312500e+03	4.0975210070610046e-01
5.3068574218750000e+03	4.0960338711738586e-01
5.3073745117187500e+03	4.0945377945899963e-01
5.3078916015625000e+03	4.0930318832397461e-01
5.3084091796875000e+03	4.0915140509605408e-01
5.3089262695312500e+03	4.0899819135665894e-01
5.3094433593750000e+03	4.0884348750114441e-01
5.3099609375000000e+03	4.0868708491325378e-01
5.3104780273437500e+03	4.0852880477905273e-01
5.3109956054687500e+03	4.0836846828460693e-01
5.3115131835937500e+03	4.0820595622062683e-01
5.3120307617187500e+03	4.0804103016853333e-01
5.3125483398437500e+03	4.0787357091903687e-01
5.3130659179687500e+03	4.0770336985588074e-01
5.3135834960937500e+03	4.0753027796745300e-01
5.3141015625000000e+03	4.0735417604446411e-01
5.3146191406250000e+03	4.0717479586601257e-01
5.3151372070312500e+03	4.0699204802513123e-01
5.3156547851562500e+03	4.0680578351020813e-01
5.3161728515625000e+03	4.0661588311195374e-01
5.3166909179687500e+03	4.0642219781875610e-01
5.3172089843750000e+03	4.0622457861900330e-01
5.3177270507812500e+03	4.0602287650108337e-01
5.3182451171875000e+03	4.0581700205802917e-01
5.3187631835937500e+03	4.0560686588287354e-01
5.3192817382812500e+03	4.0539237856864929e-01
5.3197998046875000e+03	4.0517342090606689e-01
5.3203183593750000e+03	4.0494999289512634e-01
5.3208364257812500e+03	4.0472194552421570e-01
5.3213549804687500e+03	4.0448921918869019e-01
5.3218735351562500e+03	4.0425184369087219e-01
5.3223920898437500e+03	4.0400975942611694e-01
5.3229106445312500e+03	4.0376290678977966e-01
5.3234291992187500e+03	4.0351128578186035e-01
5.3239482421875000e+03	4.0325495600700378e-01
5.3244667968750000e+03	4.0299388766288757e-01
5.3249853515625000e+03	4.0272811055183411e-01
5.3255043945312500e+03	4.0245762467384338e-01
5.3260234375000000e+03	4.0218254923820496e-01
5.3265424804687500e+03	4.0190291404724121e-01
5.3270610351562500e+03	4.0161874890327454e-01
5.3275805664062500e+03	4.0133020281791687e-01
5.3280996093750000e+03	4.0103730559349060e-01
5.3286186523437500e+03	4.0074017643928528e-01
5.3291376953125000e+03	4.0043896436691284e-01
5.3296572265625000e+03	4.0013378858566284e-01
5.3301762695312500e+03	3.9982470870018005e-01
5.3306958007812500e+03	3.9951190352439880e-01
5.3312153320312500e+03	3.9919552206993103e-01
5.3317343750000000e+03	3.9887568354606628e-01
5.3322539062500000e+03	3.9855262637138367e-01
5.3327734375000000e+03	3.9822646975517273e-01
5.3332934570312500e+03	3.9789733290672302e-01
5.3338129882812500e+03	3.9756545424461365e-01
5.3343325195312500e+03	3.9723101258277893e-01
5.3348525390625000e+03	3.9689412713050842e-01
5.3353720703125000e+03	3.9655509591102600e-01
5.3358920898437500e+03	3.9621403813362122e-01
5.3364121093750000e+03	3.9587110280990601e-01
5.3369321289062500e+03	3.9552658796310425e-01
5.3374521484375000e+03	3.9518061280250549e-01
5.3379721679687500e+03	3.9483341574668884e-01
5.3384921875000000e+03	3.9448514580726624e-01
5.3390122070312500e+03	3.9413604140281677e-01
5.3395327148437500e+03	3.9378622174263000e-01
5.3400527343750000e+03	3.9343589544296265e-01
5.3405732421875000e+03	3.9308533072471619e-01
5.3410932617187500e+03	3.9273461699485779e-01
5.3416137695312500e+03	3.9238393306732178e-01
5.3421342773437500e+03	3.9203354716300964e-01
5.3426547851562500e+03	3.9168345928192139e-01
5.3431752929687500e+03	3.9133399724960327e-01
5.3436962890625000e+03	3.9098522067070007e-01
5.3442167968750000e+03	3.9063733816146851e-01
5.3447373046875000e+03	3.9029043912887573e-01
5.3452583007812500e+03	3.8994464278221130e-01
5.3457792968750000e+03	3.8960018754005432e-01
5.3462998046875000e+03	3.8925710320472717e-01
5.3468208007812500e+03	3.8891550898551941e-01
5.3473417968750000e+03	3.8857552409172058e-01
5.3478627929687500e+03	3.8823729753494263e-01
5.3483837890625000e+03	3.8790085911750793e-01
5.3489052734375000e+03	3.8756632804870605e-01
5.3494262695312500e+03	3.8723376393318176e-01
5.3499477539062500e+03	3.8690322637557983e-01
