4.4999970703125000e+03	4.2676305770874023e-01
4.5004355468750000e+03	4.2761781811714172e-01
4.5008740234375000e+03	4.2848685383796692e-01
4.5013125000000000e+03	4.2937022447586060e-01
4.5017509765625000e+03	4.3026795983314514e-01
4.5021894531250000e+03	4.3117994070053101e-01
4.5026284179687500e+03	4.3210601806640625e-01
4.5030668945312500e+03	4.3304592370986938e-01
4.5035058593750000e+03	4.3399927020072937e-01
4.5039443359375000e+03	4.3496558070182800e-01
4.5043833007812500e+03	4.3594431877136230e-01
4.5048222656250000e+03	4.3693467974662781e-01
4.5052612304687500e+03	4.3793591856956482e-01
4.5057001953125000e+03	4.3894702196121216e-01
4.5061391601562500e+03	4.3996697664260864e-01
4.5065781250000000e+03	4.4099450111389160e-01
4.5070170898437500e+03	4.4202840328216553e-01
4.5074560546875000e+03	4.4306713342666626e-01
4.5078955078125000e+03	4.4410917162895203e-01
4.5083344726562500e+03	4.4515293836593628e-01
4.5087739257812500e+03	4.4619655609130859e-01
4.5092128906250000e+03	4.4723814725875854e-01
4.5096523437500000e+03	4.4827577471733093e-01
4.5100917968750000e+03	4.4930744171142578e-01
4.5105312500000000e+03	4.5033094286918640e-01
4.5109707031250000e+03	4.5134410262107849e-01
4.5114101562500000e+03	4.5234468579292297e-01
4.5118496093750000e+03	4.5333042740821838e-01
4.5122890625000000e+03	4.5429897308349609e-01
4.5127290039062500e+03	4.5524799823760986e-01
4.5131684570312500e+03	4.5617517828941345e-01
4.5136083984375000e+03	4.5707821846008301e-01
4.5140478515625000e+03	4.5795482397079468e-01
4.5144877929687500e+03	4.5880261063575745e-01
4.5149277343750000e+03	4.5961958169937134e-01
4.5153671875000000e+03	4.6040347218513489e-01
4.5158071289062500e+03	4.6115225553512573e-01
4.5162470703125000e+03	4.6186405420303345e-01
4.5166875000000000e+03	4.6253705024719238e-01
4.5171274414062500e+03	4.6316945552825928e-01
4.5175673828125000e+03	4.6375972032546997e-01
4.5180078125000000e+03	4.6430656313896179e-01
4.5184477539062500e+03	4.6480858325958252e-01
4.5188881835937500e+03	4.6526479721069336e-01
4.5193281250000000e+03	4.6567431092262268e-01
4.5197685546875000e+03	4.6603640913963318e-01
4.5202089843750000e+03	4.6635067462921143e-01
4.5206494140625000e+03	4.6661671996116638e-01
4.5210898437500000e+03	4.6683451533317566e-01
4.5215302734375000e+03	4.6700415015220642e-01
4.5219707031250000e+03	4.6712607145309448e-01
4.5224111328125000e+03	4.6720081567764282e-01
4.5228520507812500e+03	4.6722912788391113e-01
4.5232924804687500e+03	4.6721196174621582e-01
4.5237333984375000e+03	4.6715068817138672e-01
4.5241738281250000e+03	4.6704661846160889e-01
4.5246147460937500e+03	4.6690139174461365e-01
4.5250556640625000e+03	4.6671682596206665e-01
4.5254965820312500e+03	4.6649485826492310e-01
4.5259375000000000e+03	4.6623772382736206e-01
4.5263784179687500e+03	4.6594777703285217e-01
4.5268193359375000e+03	4.6562749147415161e-01
4.5272602539062500e+03	4.6527943015098572e-01
4.5277016601562500e+03	4.6490645408630371e-01
4.5281425781250000e+03	4.6451133489608765e-01
4.5285834960937500e+03	4.6409708261489868e-01
4.5290249023437500e+03	4.6366670727729797e-01
4.5294663085937500e+03	4.6322330832481384e-01
4.5299077148437500e+03	4.6276998519897461e-01
4.5303486328125000e+03	4.6230995655059814e-01
4.5307900390625000e+03	4.6184638142585754e-01
4.5312314453125000e+03	4.6138247847557068e-01
4.5316733398437500e+03	4.6092125773429871e-01
4.5321147460937500e+03	4.6046596765518188e-01
4.5325561523437500e+03	4.6001955866813660e-01
4.5329975585937500e+03	4.5958495140075684e-01
4.5334394531250000e+03	4.5916512608528137e-01
4.5338808593750000e+03	4.5876270532608032e-01
4.5343227539062500e+03	4.5838040113449097e-01
4.5347646484375000e+03	4.5802065730094910e-01
4.5352065429687500e+03	4.5768576860427856e-01
4.5356484375000000e+03	4.5737800002098083e-01
4.5360903320312500e+03	4.5709925889968872e-01
4.5365322265625000e+03	4.5685130357742310e-01
4.5369741210937500e+03	4.5663574337959290e-01
4.5374160156250000e+03	4.5645403861999512e-01
4.5378583984375000e+03	4.5630723237991333e-01
4.5383002929687500e+03	4.5619630813598633e-01
4.5387426757812500e+03	4.5612207055091858e-01
4.5391845703125000e+03	4.5608487725257874e-01
4.5396269531250000e+03	4.5608496665954590e-01
4.5400693359375000e+03	4.5612248778343201e-01
4.5405117187500000e+03	4.5619717240333557e-01
4.5409541015625000e+03	4.5630854368209839e-01
4.5413964843750000e+03	4.5645600557327271e-01
4.5418388671875000e+03	4.5663860440254211e-01
4.5422812500000000e+03	4.5685523748397827e-01
4.5427236328125000e+03	4.5710465312004089e-01
4.5431665039062500e+03	4.5738527178764343e-01
4.5436088867187500e+03	4.5769551396369934e-01
4.5440517578125000e+03	4.5803338289260864e-01
4.5444946289062500e+03	4.5839691162109375e-01
4.5449370117187500e+03	4.5878392457962036e-01
4.5453798828125000e+03	4.5919197797775269e-01
4.5458227539062500e+03	4.5961874723434448e-01
4.5462656250000000e+03	4.6006163954734802e-01
4.5467084960937500e+03	4.6051803231239319e-01
4.5471513671875000e+03	4.6098518371582031e-01
4.5475947265625000e+03	4.6146029233932495e-01
4.5480375976562500e+03	4.6194055676460266e-01
4.5484809570312500e+03	4.6242317557334900e-01
4.5489238281250000e+03	4.6290522813796997e-01
4.5493671875000000e+03	4.6338397264480591e-01
4.5498105468750000e+03	4.6385657787322998e-01
4.5502534179687500e+03	4.6432036161422729e-01
4.5506967773437500e+03	4.6477261185646057e-01
4.5511401367187500e+03	4.6521067619323730e-01
4.5515834960937500e+03	4.6563220024108887e-01
4.5520273437500000e+03	4.6603474020957947e-01
4.5524707031250000e+03	4.6641606092453003e-01
4.5529140625000000e+03	4.6677407622337341e-01
4.5533579101562500e+03	4.6710687875747681e-01
4.5538012695312500e+03	4.6741271018981934e-01
4.5542451171875000e+03	4.6768996119499207e-01
4.5546889648437500e+03	4.6793729066848755e-01
4.5551323242187500e+03	4.6815350651741028e-01
4.5555761718750000e+03	4.6833753585815430e-01
4.5560200195312500e+03	4.6848869323730469e-01
4.5564638671875000e+03	4.6860644221305847e-01
4.5569082031250000e+03	4.6869036555290222e-01
4.5573520507812500e+03	4.6874040365219116e-01
4.5577958984375000e+03	4.6875661611557007e-01
4.5582402343750000e+03	4.6873924136161804e-01
4.5586840820312500e+03	4.6868893504142761e-01
4.5591284179687500e+03	4.6860635280609131e-01
4.5595722656250000e+03	4.6849235892295837e-01
4.5600166015625000e+03	4.6834814548492432e-01
4.5604609375000000e+03	4.6817490458488464e-01
4.5609052734375000e+03	4.6797415614128113e-01
4.5613496093750000e+03	4.6774739027023315e-01
4.5617939453125000e+03	4.6749651432037354e-01
4.5622382812500000e+03	4.6722322702407837e-01
4.5626831054687500e+03	4.6692955493927002e-01
4.5631274414062500e+03	4.6661758422851562e-01
4.5635722656250000e+03	4.6628940105438232e-01
4.5640166015625000e+03	4.6594724059104919e-01
4.5644614257812500e+03	4.6559327840805054e-01
4.5649062500000000e+03	4.6522971987724304e-01
4.5653505859375000e+03	4.6485894918441772e-01
4.5657954101562500e+03	4.6448302268981934e-01
4.5662402343750000e+03	4.6410423517227173e-01
4.5666850585937500e+03	4.6372464299201965e-01
4.5671303710937500e+03	4.6334624290466309e-01
4.5675751953125000e+03	4.6297097206115723e-01
4.5680200195312500e+03	4.6260076761245728e-01
4.5684653320312500e+03	4.6223720908164978e-01
4.5689101562500000e+03	4.6188181638717651e-01
4.5693554687500000e+03	4.6153602004051208e-01
4.5698007812500000e+03	4.6120101213455200e-01
4.5702460937500000e+03	4.6087780594825745e-01
4.5706909179687500e+03	4.6056717634201050e-01
4.5711362304687500e+03	4.6026974916458130e-01
4.5715820312500000e+03	4.5998597145080566e-01
4.5720273437500000e+03	4.5971590280532837e-01
4.5724726562500000e+03	4.5945954322814941e-01
4.5729179687500000e+03	4.5921653509140015e-01
4.5733637695312500e+03	4.5898646116256714e-01
4.5738090820312500e+03	4.5876845717430115e-01
4.5742548828125000e+03	4.5856159925460815e-01
4.5747006835937500e+03	4.5836469531059265e-01
4.5751459960937500e+03	4.5817628502845764e-01
4.5755917968750000e+03	4.5799478888511658e-01
4.5760375976562500e+03	4.5781835913658142e-01
4.5764833984375000e+03	4.5764499902725220e-01
4.5769296875000000e+03	4.5747253298759460e-01
4.5773754882812500e+03	4.5729866623878479e-01
4.5778212890625000e+03	4.5712077617645264e-01
4.5782675781250000e+03	4.5693644881248474e-01
4.5787133789062500e+03	4.5674288272857666e-01
4.5791596679687500e+03	4.5653721690177917e-01
4.5796054687500000e+03	4.5631676912307739e-01
4.5800517578125000e+03	4.5607849955558777e-01
4.5804980468750000e+03	4.5581954717636108e-01
4.5809443359375000e+03	4.5553693175315857e-01
4.5813906250000000e+03	4.5522779226303101e-01
4.5818369140625000e+03	4.5488926768302917e-01
4.5822832031250000e+03	4.5451858639717102e-01
4.5827299804687500e+03	4.5411294698715210e-01
4.5831762695312500e+03	4.5366987586021423e-01
4.5836230468750000e+03	4.5318681001663208e-01
4.5840693359375000e+03	4.5266148447990417e-01
4.5845161132812500e+03	4.5209175348281860e-01
4.5849628906250000e+03	4.5147567987442017e-01
4.5854091796875000e+03	4.5081147551536560e-01
4.5858559570312500e+03	4.5009768009185791e-01
4.5863027343750000e+03	4.4933298230171204e-01
4.5867495117187500e+03	4.4851627945899963e-01
4.5871967773437500e+03	4.4764691591262817e-01
4.5876435546875000e+03	4.4672429561614990e-01
4.5880903320312500e+03	4.4574826955795288e-01
4.5885375976562500e+03	4.4471886754035950e-01
4.5889843750000000e+03	4.4363647699356079e-01
4.5894316406250000e+03	4.4250178337097168e-01
4.5898789062500000e+03	4.4131562113761902e-01
4.5903261718750000e+03	4.4007930159568787e-01
4.5907734375000000e+03	4.3879437446594238e-01
4.5912207031250000e+03	4.3746262788772583e-01
4.5916679687500000e+03	4.3608617782592773e-01
4.5921152343750000e+03	4.3466740846633911e-01
4.5925625000000000e+03	4.3320888280868530e-01
4.5930097656250000e+03	4.3171358108520508e-01
4.5934575195312500e+03	4.3018460273742676e-01
4.5939047851562500e+03	4.2862525582313538e-01
4.5943525390625000e+03	4.2703914642333984e-01
4.5948002929687500e+03	4.2542999982833862e-01
4.5952480468750000e+03	4.2380172014236450e-01
4.5956958007812500e+03	4.2215844988822937e-01
4.5961430664062500e+03	4.2050436139106750e-01
4.5965913085937500e+03	4.1884380578994751e-01
4.5970390625000000e+03	4.1718122363090515e-01
4.5974868164062500e+03	4.1552108526229858e-01
4.5979345703125000e+03	4.1386798024177551e-01
4.5983828125000000e+03	4.1222649812698364e-01
4.5988305664062500e+03	4.1060125827789307e-01
4.5992788085937500e+03	4.0899685025215149e-01
4.5997270507812500e+03	4.0741783380508423e-01
4.6001748046875000e+03	4.0586873888969421e-01
4.6006230468750000e+03	4.0435400605201721e-01
4.6010712890625000e+03	4.0287801623344421e-01
4.6015195312500000e+03	4.0144497156143188e-01
4.6019677734375000e+03	4.0005901455879211e-01
4.6024165039062500e+03	3.9872407913208008e-01
4.6028647460937500e+03	3.9744395017623901e-01
4.6033129882812500e+03	3.9622238278388977e-01
4.6037617187500000e+03	3.9506265521049500e-01
4.6042104492187500e+03	3.9396807551383972e-01
4.6046586914062500e+03	3.9294159412384033e-01
4.6051074218750000e+03	3.9198607206344604e-01
4.6055561523437500e+03	3.9110395312309265e-01
4.6060048828125000e+03	3.9029753208160400e-01
4.6064536132812500e+03	3.8956877589225769e-01
4.6069023437500000e+03	3.8891947269439697e-01
4.6073510742187500e+03	3.8835108280181885e-01
4.6078002929687500e+03	3.8786476850509644e-01
4.6082490234375000e+03	3.8746145367622375e-01
4.6086977539062500e+03	3.8714173436164856e-01
4.6091469726562500e+03	3.8690599799156189e-01
4.6095961914062500e+03	3.8675415515899658e-01
4.6100449218750000e+03	3.8668602705001831e-01
4.6104941406250000e+03	3.8670104742050171e-01
4.6109433593750000e+03	3.8679838180541992e-01
4.6113925781250000e+03	3.8697695732116699e-01
4.6118417968750000e+03	3.8723537325859070e-01
4.6122915039062500e+03	3.8757199048995972e-01
4.6127407226562500e+03	3.8798481225967407e-01
4.6131899414062500e+03	3.8847172260284424e-01
4.6136396484375000e+03	3.8903021812438965e-01
4.6140888671875000e+03	3.8965770602226257e-01
4.6145385742187500e+03	3.9035123586654663e-01
4.6149882812500000e+03	3.9110770821571350e-01
4.6154379882812500e+03	3.9192375540733337e-01
4.6158876953125000e+03	3.9279583096504211e-01
4.6163374023437500e+03	3.9372017979621887e-01
4.6167871093750000e+03	3.9469295740127563e-01
4.6172368164062500e+03	3.9571014046669006e-01
4.6176865234375000e+03	3.9676743745803833e-01
4.6181367187500000e+03	3.9786058664321899e-01
4.6185864257812500e+03	3.9898502826690674e-01
4.6190366210937500e+03	4.0013632178306580e-01
4.6194863281250000e+03	4.0130978822708130e-01
4.6199365234375000e+03	4.0250065922737122e-01
4.6203867187500000e+03	4.0370431542396545e-01
4.6208369140625000e+03	4.0491586923599243e-01
4.6212871093750000e+03	4.0613052248954773e-01
4.6217373046875000e+03	4.0734344720840454e-01
4.6221875000000000e+03	4.0854993462562561e-01
4.6226376953125000e+03	4.0974515676498413e-01
4.6230883789062500e+03	4.1092452406883240e-01
4.6235385742187500e+03	4.1208326816558838e-01
4.6239892578125000e+03	4.1321700811386108e-01
4.6244394531250000e+03	4.1432118415832520e-01
4.6248901367187500e+03	4.1539165377616882e-01
4.6253408203125000e+03	4.1642418503761292e-01
4.6257915039062500e+03	4.1741472482681274e-01
4.6262421875000000e+03	4.1835948824882507e-01
4.6266928710937500e+03	4.1925492882728577e-01
4.6271435546875000e+03	4.2009755969047546e-01
4.6275942382812500e+03	4.2088422179222107e-01
4.6280454101562500e+03	4.2161196470260620e-01
4.6284960937500000e+03	4.2227792739868164e-01
4.6289467773437500e+03	4.2287981510162354e-01
4.6293979492187500e+03	4.2341539263725281e-01
4.6298491210937500e+03	4.2388272285461426e-01
4.6303002929687500e+03	4.2428019642829895e-01
4.6307514648437500e+03	4.2460647225379944e-01
4.6312026367187500e+03	4.2486053705215454e-01
4.6316538085937500e+03	4.2504161596298218e-01
4.6321049804687500e+03	4.2514935135841370e-01
4.6325561523437500e+03	4.2518353462219238e-01
4.6330073242187500e+03	4.2514443397521973e-01
4.6334589843750000e+03	4.2503255605697632e-01
4.6339101562500000e+03	4.2484861612319946e-01
4.6343618164062500e+03	4.2459371685981750e-01
4.6348134765625000e+03	4.2426925897598267e-01
4.6352646484375000e+03	4.2387694120407104e-01
4.6357163085937500e+03	4.2341864109039307e-01
4.6361679687500000e+03	4.2289653420448303e-01
4.6366196289062500e+03	4.2231306433677673e-01
4.6370712890625000e+03	4.2167097330093384e-01
4.6375234375000000e+03	4.2097309231758118e-01
4.6379750976562500e+03	4.2022249102592468e-01
4.6384267578125000e+03	4.1942250728607178e-01
4.6388789062500000e+03	4.1857653856277466e-01
4.6393310546875000e+03	4.1768822073936462e-01
4.6397827148437500e+03	4.1676121950149536e-01
4.6402348632812500e+03	4.1579937934875488e-01
4.6406870117187500e+03	4.1480660438537598e-01
4.6411391601562500e+03	4.1378691792488098e-01
4.6415913085937500e+03	4.1274428367614746e-01
4.6420434570312500e+03	4.1168269515037537e-01
4.6424956054687500e+03	4.1060632467269897e-01
4.6429482421875000e+03	4.0951907634735107e-01
4.6434003906250000e+03	4.0842491388320923e-01
4.6438530273437500e+03	4.0732774138450623e-01
4.6443051757812500e+03	4.0623146295547485e-01
4.6447578125000000e+03	4.0513965487480164e-01
4.6452104492187500e+03	4.0405592322349548e-01
4.6456630859375000e+03	4.0298378467559814e-01
4.6461152343750000e+03	4.0192645788192749e-01
4.6465683593750000e+03	4.0088704228401184e-01
4.6470209960937500e+03	3.9986845850944519e-01
4.6474736328125000e+03	3.9887344837188721e-01
4.6479262695312500e+03	3.9790442585945129e-01
4.6483793945312500e+03	3.9696371555328369e-01
4.6488320312500000e+03	3.9605334401130676e-01
4.6492851562500000e+03	3.9517506957054138e-01
4.6497377929687500e+03	3.9433038234710693e-01
4.6501909179687500e+03	3.9352071285247803e-01
4.6506440429687500e+03	3.9274698495864868e-01
4.6510971679687500e+03	3.9200994372367859e-01
4.6515502929687500e+03	3.9131018519401550e-01
4.6520034179687500e+03	3.9064788818359375e-01
4.6524565429687500e+03	3.9002308249473572e-01
4.6529101562500000e+03	3.8943552970886230e-01
4.6533632812500000e+03	3.8888478279113770e-01
4.6538168945312500e+03	3.8836997747421265e-01
4.6542700195312500e+03	3.8789024949073792e-01
4.6547236328125000e+03	3.8744449615478516e-01
4.6551772460937500e+03	3.8703119754791260e-01
4.6556303710937500e+03	3.8664889335632324e-01
4.6560839843750000e+03	3.8629573583602905e-01
4.6565375976562500e+03	3.8596984744071960e-01
4.6569916992187500e+03	3.8566911220550537e-01
4.6574453125000000e+03	3.8539132475852966e-01
4.6578989257812500e+03	3.8513413071632385e-01
4.6583530273437500e+03	3.8489505648612976e-01
4.6588066406250000e+03	3.8467156887054443e-01
4.6592607421875000e+03	3.8446101546287537e-01
4.6597143554687500e+03	3.8426068425178528e-01
4.6601684570312500e+03	3.8406786322593689e-01
4.6606225585937500e+03	3.8387981057167053e-01
4.6610766601562500e+03	3.8369363546371460e-01
4.6615307617187500e+03	3.8350671529769897e-01
4.6619848632812500e+03	3.8331618905067444e-01
4.6624389648437500e+03	3.8311937451362610e-01
4.6628935546875000e+03	3.8291364908218384e-01
4.6633476562500000e+03	3.8269636034965515e-01
4.6638017578125000e+03	3.8246500492095947e-01
4.6642563476562500e+03	3.8221719861030579e-01
4.6647109375000000e+03	3.8195061683654785e-01
4.6651650390625000e+03	3.8166302442550659e-01
4.6656196289062500e+03	3.8135248422622681e-01
4.6660742187500000e+03	3.8101693987846375e-01
4.6665288085937500e+03	3.8065466284751892e-01
4.6669833984375000e+03	3.8026413321495056e-01
4.6674384765625000e+03	3.7984380125999451e-01
4.6678930664062500e+03	3.7939250469207764e-01
4.6683476562500000e+03	3.7890908122062683e-01
4.6688027343750000e+03	3.7839263677597046e-01
4.6692573242187500e+03	3.7784254550933838e-01
4.6697124023437500e+03	3.7725821137428284e-01
4.6701674804687500e+03	3.7663930654525757e-01
4.6706225585937500e+03	3.7598577141761780e-01
4.6710776367187500e+03	3.7529757618904114e-01
4.6715327148437500e+03	3.7457501888275146e-01
4.6719877929687500e+03	3.7381851673126221e-01
4.6724428710937500e+03	3.7302863597869873e-01
4.6728979492187500e+03	3.7220633029937744e-01
4.6733535156250000e+03	3.7135243415832520e-01
4.6738085937500000e+03	3.7046813964843750e-01
4.6742641601562500e+03	3.6955469846725464e-01
4.6747192382812500e+03	3.6861357092857361e-01
4.6751748046875000e+03	3.6764645576477051e-01
4.6756303710937500e+03	3.6665490269660950e-01
4.6760859375000000e+03	3.6564093828201294e-01
4.6765415039062500e+03	3.6460635066032410e-01
4.6769970703125000e+03	3.6355328559875488e-01
4.6774526367187500e+03	3.6248394846916199e-01
4.6779082031250000e+03	3.6140048503875732e-01
4.6783642578125000e+03	3.6030524969100952e-01
4.6788198242187500e+03	3.5920053720474243e-01
4.6792758789062500e+03	3.5808876156806946e-01
4.6797319335937500e+03	3.5697230696678162e-01
4.6801875000000000e+03	3.5585367679595947e-01
4.6806435546875000e+03	3.5473525524139404e-01
4.6810996093750000e+03	3.5361945629119873e-01
4.6815556640625000e+03	3.5250875353813171e-01
4.6820117187500000e+03	3.5140547156333923e-01
4.6824682617187500e+03	3.5031190514564514e-01
4.6829243164062500e+03	3.4923043847084045e-01
4.6833803710937500e+03	3.4816315770149231e-01
4.6838369140625000e+03	3.4711226820945740e-01
4.6842929687500000e+03	3.4607979655265808e-01
4.6847495117187500e+03	3.4506767988204956e-01
4.6852060546875000e+03	3.4407782554626465e-01
4.6856625976562500e+03	3.4311193227767944e-01
4.6861186523437500e+03	3.4217157959938049e-01
4.6865756835937500e+03	3.4125837683677673e-01
4.6870322265625000e+03	3.4037369489669800e-01
4.6874887695312500e+03	3.3951869606971741e-01
4.6879453125000000e+03	3.3869457244873047e-01
4.6884023437500000e+03	3.3790770173072815e-01
4.6888588867187500e+03	3.3714836835861206e-01
4.6893159179687500e+03	3.3642241358757019e-01
4.6897724609375000e+03	3.3573043346405029e-01
4.6902294921875000e+03	3.3507278561592102e-01
4.6906865234375000e+03	3.3444982767105103e-01
4.6911435546875000e+03	3.3386164903640747e-01
4.6916005859375000e+03	3.3330839872360229e-01
4.6920576171875000e+03	3.3278977870941162e-01
4.6925146484375000e+03	3.3230561017990112e-01
4.6929721679687500e+03	3.3185562491416931e-01
4.6934291992187500e+03	3.3143922686576843e-01
4.6938862304687500e+03	3.3105593919754028e-01
4.6943437500000000e+03	3.3070498704910278e-01
4.6948012695312500e+03	3.3038565516471863e-01
4.6952583007812500e+03	3.3009701967239380e-01
4.6957158203125000e+03	3.2983812689781189e-01
4.6961733398437500e+03	3.2960796356201172e-01
4.6966308593750000e+03	3.2940542697906494e-01
4.6970883789062500e+03	3.2922929525375366e-01
4.6975463867187500e+03	3.2907849550247192e-01
4.6980039062500000e+03	3.2895156741142273e-01
4.6984614257812500e+03	3.2884740829467773e-01
4.6989194335937500e+03	3.2876452803611755e-01
4.6993769531250000e+03	3.2870173454284668e-01
4.6998349609375000e+03	3.2865756750106812e-01
4.7002929687500000e+03	3.2863068580627441e-01
4.7007509765625000e+03	3.2861974835395813e-01
4.7012089843750000e+03	3.2862338423728943e-01
4.7016669921875000e+03	3.2864028215408325e-01
4.7021250000000000e+03	3.2866907119750977e-01
4.7025830078125000e+03	3.2870849967002869e-01
4.7030410156250000e+03	3.2875731587409973e-01
4.7034995117187500e+03	3.2881426811218262e-01
4.7039575195312500e+03	3.2887822389602661e-01
4.7044160156250000e+03	3.2894799113273621e-01
4.7048745117187500e+03	3.2902252674102783e-01
4.7053325195312500e+03	3.2910075783729553e-01
4.7057910156250000e+03	3.2918182015419006e-01
4.7062495117187500e+03	3.2926464080810547e-01
4.7067080078125000e+03	3.2934844493865967e-01
4.7071665039062500e+03	3.2943245768547058e-01
4.7076254882812500e+03	3.2951584458351135e-01
4.7080839843750000e+03	3.2959803938865662e-01
4.7085424804687500e+03	3.2967829704284668e-01
4.7090014648437500e+03	3.2975617051124573e-01
4.7094599609375000e+03	3.2983109354972839e-01
4.7099189453125000e+03	3.2990261912345886e-01
4.7103779296875000e+03	3.2997038960456848e-01
4.7108369140625000e+03	3.3003401756286621e-01
4.7112958984375000e+03	3.3009317517280579e-01
4.7117548828125000e+03	3.3014774322509766e-01
4.7122138671875000e+03	3.3019742369651794e-01
4.7126728515625000e+03	3.3024200797080994e-01
4.7131318359375000e+03	3.3028149604797363e-01
4.7135913085937500e+03	3.3031558990478516e-01
4.7140502929687500e+03	3.3034437894821167e-01
4.7145097656250000e+03	3.3036774396896362e-01
4.7149692382812500e+03	3.3038568496704102e-01
4.7154282226562500e+03	3.3039814233779907e-01
4.7158876953125000e+03	3.3040517568588257e-01
4.7163471679687500e+03	3.3040675520896912e-01
4.7168066406250000e+03	3.3040276169776917e-01
4.7172666015625000e+03	3.3039340376853943e-01
4.7177260742187500e+03	3.3037856221199036e-01
4.7181855468750000e+03	3.3035820722579956e-01
4.7186455078125000e+03	3.3033239841461182e-01
4.7191049804687500e+03	3.3030110597610474e-01
4.7195649414062500e+03	3.3026424050331116e-01
4.7200244140625000e+03	3.3022177219390869e-01
4.7204843750000000e+03	3.3017367124557495e-01
4.7209443359375000e+03	3.3011966943740845e-01
4.7214042968750000e+03	3.3005988597869873e-01
4.7218642578125000e+03	3.2999405264854431e-01
4.7223242187500000e+03	3.2992199063301086e-01
4.7227846679687500e+03	3.2984364032745361e-01
4.7232446289062500e+03	3.2975867390632629e-01
4.7237045898437500e+03	3.2966694235801697e-01
4.7241650390625000e+03	3.2956823706626892e-01
4.7246250000000000e+03	3.2946220040321350e-01
4.7250854492187500e+03	3.2934868335723877e-01
4.7255458984375000e+03	3.2922726869583130e-01
4.7260063476562500e+03	3.2909783720970154e-01
4.7264667968750000e+03	3.2896000146865845e-01
4.7269272460937500e+03	3.2881343364715576e-01
4.7273876953125000e+03	3.2865789532661438e-01
4.7278481445312500e+03	3.2849302887916565e-01
4.7283090820312500e+03	3.2831859588623047e-01
4.7287695312500000e+03	3.2813426852226257e-01
4.7292304687500000e+03	3.2793974876403809e-01
4.7296909179687500e+03	3.2773482799530029e-01
4.7301518554687500e+03	3.2751926779747009e-01
4.7306127929687500e+03	3.2729282975196838e-01
4.7310737304687500e+03	3.2705536484718323e-01
4.7315346679687500e+03	3.2680660486221313e-01
4.7319956054687500e+03	3.2654654979705811e-01
4.7324565429687500e+03	3.2627505064010620e-01
4.7329174804687500e+03	3.2599201798439026e-01
4.7333789062500000e+03	3.2569751143455505e-01
4.7338398437500000e+03	3.2539147138595581e-01
4.7343012695312500e+03	3.2507398724555969e-01
4.7347622070312500e+03	3.2474526762962341e-01
4.7352236328125000e+03	3.2440540194511414e-01
4.7356850585937500e+03	3.2405456900596619e-01
4.7361464843750000e+03	3.2369306683540344e-01
4.7366079101562500e+03	3.2332122325897217e-01
4.7370693359375000e+03	3.2293933629989624e-01
4.7375307617187500e+03	3.2254788279533386e-01
4.7379921875000000e+03	3.2214716076850891e-01
4.7384541015625000e+03	3.2173782587051392e-01
4.7389155273437500e+03	3.2132032513618469e-01
4.7393774414062500e+03	3.2089522480964661e-01
4.7398393554687500e+03	3.2046318054199219e-01
4.7403007812500000e+03	3.2002481818199158e-01
4.7407626953125000e+03	3.1958079338073730e-01
4.7412246093750000e+03	3.1913188099861145e-01
4.7416865234375000e+03	3.1867870688438416e-01
4.7421484375000000e+03	3.1822210550308228e-01
4.7426103515625000e+03	3.1776285171508789e-01
4.7430727539062500e+03	3.1730177998542786e-01
4.7435346679687500e+03	3.1683957576751709e-01
4.7439970703125000e+03	3.1637716293334961e-01
4.7444589843750000e+03	3.1591531634330750e-01
4.7449213867187500e+03	3.1545484066009521e-01
4.7453837890625000e+03	3.1499660015106201e-01
4.7458457031250000e+03	3.1454136967658997e-01
4.7463081054687500e+03	3.1408998370170593e-01
4.7467705078125000e+03	3.1364312767982483e-01
4.7472333984375000e+03	3.1320166587829590e-01
4.7476958007812500e+03	3.1276637315750122e-01
4.7481582031250000e+03	3.1233784556388855e-01
4.7486210937500000e+03	3.1191688776016235e-01
4.7490834960937500e+03	3.1150415539741516e-01
4.7495463867187500e+03	3.1110024452209473e-01
4.7500087890625000e+03	3.1070578098297119e-01
4.7504716796875000e+03	3.1032136082649231e-01
4.7509345703125000e+03	3.0994749069213867e-01
4.7513974609375000e+03	3.0958467721939087e-01
4.7518603515625000e+03	3.0923339724540710e-01
4.7523232421875000e+03	3.0889403820037842e-01
4.7527861328125000e+03	3.0856698751449585e-01
4.7532495117187500e+03	3.0825263261795044e-01
4.7537124023437500e+03	3.0795124173164368e-01
4.7541757812500000e+03	3.0766305327415466e-01
4.7546386718750000e+03	3.0738839507102966e-01
4.7551020507812500e+03	3.0712735652923584e-01
4.7555654296875000e+03	3.0688011646270752e-01
4.7560288085937500e+03	3.0664679408073425e-01
4.7564921875000000e+03	3.0642747879028320e-01
4.7569555664062500e+03	3.0622223019599915e-01
4.7574189453125000e+03	3.0603107810020447e-01
4.7578823242187500e+03	3.0585390329360962e-01
4.7583457031250000e+03	3.0569082498550415e-01
4.7588095703125000e+03	3.0554169416427612e-01
4.7592729492187500e+03	3.0540645122528076e-01
4.7597368164062500e+03	3.0528491735458374e-01
4.7602006835937500e+03	3.0517709255218506e-01
4.7606645507812500e+03	3.0508270859718323e-01
4.7611284179687500e+03	3.0500167608261108e-01
4.7615922851562500e+03	3.0493372678756714e-01
4.7620561523437500e+03	3.0487880110740662e-01
4.7625200195312500e+03	3.0483663082122803e-01
4.7629838867187500e+03	3.0480700731277466e-01
4.7634477539062500e+03	3.0478969216346741e-01
4.7639121093750000e+03	3.0478453636169434e-01
4.7643759765625000e+03	3.0479133129119873e-01
4.7648403320312500e+03	3.0480971932411194e-01
4.7653046875000000e+03	3.0483961105346680e-01
4.7657690429687500e+03	3.0488073825836182e-01
4.7662333984375000e+03	3.0493292212486267e-01
4.7666977539062500e+03	3.0499595403671265e-01
4.7671621093750000e+03	3.0506953597068787e-01
4.7676264648437500e+03	3.0515363812446594e-01
4.7680908203125000e+03	3.0524793267250061e-01
4.7685556640625000e+03	3.0535230040550232e-01
4.7690200195312500e+03	3.0546659231185913e-01
4.7694848632812500e+03	3.0559062957763672e-01
4.7699492187500000e+03	3.0572429299354553e-01
4.7704140625000000e+03	3.0586743354797363e-01
4.7708789062500000e+03	3.0601990222930908e-01
4.7713437500000000e+03	3.0618166923522949e-01
4.7718085937500000e+03	3.0635258555412292e-01
4.7722734375000000e+03	3.0653262138366699e-01
4.7727382812500000e+03	3.0672168731689453e-01
4.7732036132812500e+03	3.0691975355148315e-01
4.7736684570312500e+03	3.0712676048278809e-01
4.7741333007812500e+03	3.0734273791313171e-01
4.7745986328125000e+03	3.0756768584251404e-01
4.7750639648437500e+03	3.0780157446861267e-01
4.7755292968750000e+03	3.0804446339607239e-01
4.7759941406250000e+03	3.0829635262489319e-01
4.7764594726562500e+03	3.0855742096900940e-01
4.7769248046875000e+03	3.0882763862609863e-01
4.7773906250000000e+03	3.0910715460777283e-01
4.7778559570312500e+03	3.0939602851867676e-01
4.7783212890625000e+03	3.0969437956809998e-01
4.7787871093750000e+03	3.1000238656997681e-01
4.7792524414062500e+03	3.1032019853591919e-01
4.7797182617187500e+03	3.1064796447753906e-01
4.7801835937500000e+03	3.1098580360412598e-01
4.7806494140625000e+03	3.1133392453193665e-01
4.7811152343750000e+03	3.1169250607490540e-01
4.7815810546875000e+03	3.1206187605857849e-01
4.7820468750000000e+03	3.1244212388992310e-01
4.7825126953125000e+03	3.1283348798751831e-01
4.7829790039062500e+03	3.1323626637458801e-01
4.7834448242187500e+03	3.1365069746971130e-01
4.7839106445312500e+03	3.1407696008682251e-01
4.7843769531250000e+03	3.1451541185379028e-01
4.7848432617187500e+03	3.1496629118919373e-01
4.7853090820312500e+03	3.1542989611625671e-01
4.7857753906250000e+03	3.1590646505355835e-01
4.7862416992187500e+03	3.1639635562896729e-01
4.7867080078125000e+03	3.1689977645874023e-01
4.7871743164062500e+03	3.1741711497306824e-01
4.7876406250000000e+03	3.1794863939285278e-01
4.7881074218750000e+03	3.1849461793899536e-01
4.7885737304687500e+03	3.1905546784400940e-01
4.7890400390625000e+03	3.1963139772415161e-01
4.7895068359375000e+03	3.2022276520729065e-01
4.7899736328125000e+03	3.2082980871200562e-01
4.7904399414062500e+03	3.2145294547080994e-01
4.7909067382812500e+03	3.2209241390228271e-01
4.7913735351562500e+03	3.2275405526161194e-01
4.7918403320312500e+03	3.2342797517776489e-01
4.7923071289062500e+03	3.2411932945251465e-01
4.7927744140625000e+03	3.2482832670211792e-01
4.7932412109375000e+03	3.2555526494979858e-01
4.7937080078125000e+03	3.2630050182342529e-01
4.7941752929687500e+03	3.2706427574157715e-01
4.7946420898437500e+03	3.2784688472747803e-01
4.7951093750000000e+03	3.2864865660667419e-01
4.7955766601562500e+03	3.2946971058845520e-01
4.7960439453125000e+03	3.3031034469604492e-01
4.7965112304687500e+03	3.3117091655731201e-01
4.7969785156250000e+03	3.3205151557922363e-01
4.7974458007812500e+03	3.3295238018035889e-01
4.7979130859375000e+03	3.3387893438339233e-01
4.7983808593750000e+03	3.3482131361961365e-01
4.7988481445312500e+03	3.3578455448150635e-01
4.7993154296875000e+03	3.3676874637603760e-01
4.7997832031250000e+03	3.3777406811714172e-01
4.8002509765625000e+03	3.3880066871643066e-01
4.8007187500000000e+03	3.3984860777854919e-01
4.8011860351562500e+03	3.4091794490814209e-01
4.8016538085937500e+03	3.4200876951217651e-01
4.8021220703125000e+03	3.4312111139297485e-01
4.8025898437500000e+03	3.4425500035285950e-01
4.8030576171875000e+03	3.4541046619415283e-01
4.8035253906250000e+03	3.4658738970756531e-01
4.8039936523437500e+03	3.4778583049774170e-01
4.8044614257812500e+03	3.4900575876235962e-01
4.8049296875000000e+03	3.5024708509445190e-01
4.8053979492187500e+03	3.5150966048240662e-01
4.8058662109375000e+03	3.5279354453086853e-01
4.8063344726562500e+03	3.5409849882125854e-01
4.8068027343750000e+03	3.5542443394660950e-01
4.8072709960937500e+03	3.5677134990692139e-01
4.8077392578125000e+03	3.5813891887664795e-01
4.8082075195312500e+03	3.5952726006507874e-01
4.8086762695312500e+03	3.6093613505363464e-01
4.8091445312500000e+03	3.6236557364463806e-01
4.8096132812500000e+03	3.6381536722183228e-01
4.8100815429687500e+03	3.6528551578521729e-01
4.8105502929687500e+03	3.6677604913711548e-01
4.8110190429687500e+03	3.6828687787055969e-01
4.8114877929687500e+03	3.6981815099716187e-01
4.8119565429687500e+03	3.7136992812156677e-01
4.8124252929687500e+03	3.7294226884841919e-01
4.8128940429687500e+03	3.7453562021255493e-01
4.8133632812500000e+03	3.7615007162094116e-01
4.8138320312500000e+03	3.7778607010841370e-01
4.8143012695312500e+03	3.7944409251213074e-01
4.8147700195312500e+03	3.8112476468086243e-01
4.8152392578125000e+03	3.8282871246337891e-01
4.8157084960937500e+03	3.8455668091773987e-01
4.8161777343750000e+03	3.8630971312522888e-01
4.8166464843750000e+03	3.8808879256248474e-01
4.8171162109375000e+03	3.8989529013633728e-01
4.8175854492187500e+03	3.9173045754432678e-01
4.8180546875000000e+03	3.9359587430953979e-01
4.8185239257812500e+03	3.9549335837364197e-01
4.8189936523437500e+03	3.9742472767829895e-01
4.8194628906250000e+03	3.9939227700233459e-01
4.8199326171875000e+03	4.0139824151992798e-01
4.8204023437500000e+03	4.0344518423080444e-01
4.8208720703125000e+03	4.0553587675094604e-01
4.8213413085937500e+03	4.0767335891723633e-01
4.8218110351562500e+03	4.0986090898513794e-01
4.8222812500000000e+03	4.1210192441940308e-01
4.8227509765625000e+03	4.1440010070800781e-01
4.8232207031250000e+03	4.1675946116447449e-01
4.8236904296875000e+03	4.1918408870697021e-01
4.8241606445312500e+03	4.2167854309082031e-01
4.8246308593750000e+03	4.2424732446670532e-01
4.8251005859375000e+03	4.2689543962478638e-01
4.8255708007812500e+03	4.2962795495986938e-01
4.8260410156250000e+03	4.3245017528533936e-01
4.8265112304687500e+03	4.3536755442619324e-01
4.8269814453125000e+03	4.3838590383529663e-01
4.8274516601562500e+03	4.4151097536087036e-01
4.8279218750000000e+03	4.4474881887435913e-01
4.8283920898437500e+03	4.4810563325881958e-01
4.8288627929687500e+03	4.5158758759498596e-01
4.8293330078125000e+03	4.5520105957984924e-01
4.8298037109375000e+03	4.5895248651504517e-01
4.8302744140625000e+03	4.6284824609756470e-01
4.8307451171875000e+03	4.6689480543136597e-01
4.8312153320312500e+03	4.7109857201576233e-01
4.8316860351562500e+03	4.7546577453613281e-01
4.8321567382812500e+03	4.8000276088714600e-01
4.8326279296875000e+03	4.8471549153327942e-01
4.8330986328125000e+03	4.8960992693901062e-01
4.8335693359375000e+03	4.9469178915023804e-01
4.8340405273437500e+03	4.9996647238731384e-01
4.8345112304687500e+03	5.0543904304504395e-01
4.8349824218750000e+03	5.1111429929733276e-01
4.8354536132812500e+03	5.1699650287628174e-01
4.8359243164062500e+03	5.2308976650238037e-01
4.8363955078125000e+03	5.2939736843109131e-01
4.8368666992187500e+03	5.3592234849929810e-01
4.8373378906250000e+03	5.4266685247421265e-01
4.8378095703125000e+03	5.4963278770446777e-01
4.8382807617187500e+03	5.5682116746902466e-01
4.8387519531250000e+03	5.6423228979110718e-01
4.8392236328125000e+03	5.7186591625213623e-01
4.8396948242187500e+03	5.7972079515457153e-01
4.8401665039062500e+03	5.8779501914978027e-01
4.8406381835937500e+03	5.9608584642410278e-01
4.8411098632812500e+03	6.0458958148956299e-01
4.8415815429687500e+03	6.1330163478851318e-01
4.8420532226562500e+03	6.2221670150756836e-01
4.8425249023437500e+03	6.3132828474044800e-01
4.8429965820312500e+03	6.4062905311584473e-01
4.8434682617187500e+03	6.5011072158813477e-01
4.8439404296875000e+03	6.5976405143737793e-01
4.8444121093750000e+03	6.6957890987396240e-01
4.8448842773437500e+03	6.7954403162002563e-01
4.8453564453125000e+03	6.8964731693267822e-01
4.8458286132812500e+03	6.9987583160400391e-01
4.8463002929687500e+03	7.1021544933319092e-01
4.8467724609375000e+03	7.2065144777297974e-01
4.8472451171875000e+03	7.3116803169250488e-01
4.8477172851562500e+03	7.4174875020980835e-01
4.8481894531250000e+03	7.5237625837326050e-01
4.8486616210937500e+03	7.6303255558013916e-01
4.8491342773437500e+03	7.7369886636734009e-01
4.8496064453125000e+03	7.8435581922531128e-01
4.8500791015625000e+03	7.9498356580734253e-01
4.8505517578125000e+03	8.0556154251098633e-01
4.8510244140625000e+03	8.1606912612915039e-01
4.8514970703125000e+03	8.2648485898971558e-01
4.8519697265625000e+03	8.3678734302520752e-01
4.8524423828125000e+03	8.4695476293563843e-01
4.8529150390625000e+03	8.5696554183959961e-01
4.8533876953125000e+03	8.6679738759994507e-01
4.8538608398437500e+03	8.7642896175384521e-01
4.8543334960937500e+03	8.8583815097808838e-01
4.8548066406250000e+03	8.9500361680984497e-01
4.8552792968750000e+03	9.0390425920486450e-01
4.8557524414062500e+03	9.1251933574676514e-01
4.8562255859375000e+03	9.2082846164703369e-01
4.8566987304687500e+03	9.2881202697753906e-01
4.8571718750000000e+03	9.3645101785659790e-01
4.8576450195312500e+03	9.4372695684432983e-01
4.8581186523437500e+03	9.5062261819839478e-01
4.8585917968750000e+03	9.5712137222290039e-01
4.8590649414062500e+03	9.6320766210556030e-01
4.8595385742187500e+03	9.6886682510375977e-01
4.8600117187500000e+03	9.7408574819564819e-01
4.8604853515625000e+03	9.7885203361511230e-01
4.8609589843750000e+03	9.8315441608428955e-01
4.8614326171875000e+03	9.8698353767395020e-01
4.8619062500000000e+03	9.9033081531524658e-01
4.8623798828125000e+03	9.9318921566009521e-01
4.8628535156250000e+03	9.9555313587188721e-01
4.8633276367187500e+03	9.9741828441619873e-01
4.8638012695312500e+03	9.9878174066543579e-01
4.8642749023437500e+03	9.9964237213134766e-01
4.8647490234375000e+03	1.0000000000000000e+00
4.8652231445312500e+03	9.9985635280609131e-01
4.8656967773437500e+03	9.9921423196792603e-01
4.8661708984375000e+03	9.9807798862457275e-01
4.8666450195312500e+03	9.9645340442657471e-01
4.8671191406250000e+03	9.9434757232666016e-01
4.8675932617187500e+03	9.9176889657974243e-01
4.8680678710937500e+03	9.8872697353363037e-01
4.8685419921875000e+03	9.8523288965225220e-01
4.8690161132812500e+03	9.8129880428314209e-01
4.8694907226562500e+03	9.7693777084350586e-01
4.8699653320312500e+03	9.7216409444808960e-01
4.8704394531250000e+03	9.6699297428131104e-01
4.8709140625000000e+03	9.6144074201583862e-01
4.8713886718750000e+03	9.5552426576614380e-01
4.8718632812500000e+03	9.4926130771636963e-01
4.8723378906250000e+03	9.4267040491104126e-01
4.8728125000000000e+03	9.3577057123184204e-01
4.8732875976562500e+03	9.2858123779296875e-01
4.8737622070312500e+03	9.2112243175506592e-01
4.8742368164062500e+03	9.1341465711593628e-01
4.8747119140625000e+03	9.0547823905944824e-01
4.8751870117187500e+03	8.9733409881591797e-01
4.8756616210937500e+03	8.8900309801101685e-01
4.8761367187500000e+03	8.8050603866577148e-01
4.8766118164062500e+03	8.7186372280120850e-01
4.8770869140625000e+03	8.6309683322906494e-01
4.8775620117187500e+03	8.5422587394714355e-01
4.8780375976562500e+03	8.4527081251144409e-01
4.8785126953125000e+03	8.3625155687332153e-01
4.8789877929687500e+03	8.2718753814697266e-01
4.8794633789062500e+03	8.1809765100479126e-01
4.8799389648437500e+03	8.0900007486343384e-01
4.8804140625000000e+03	7.9991275072097778e-01
4.8808896484375000e+03	7.9085278511047363e-01
4.8813652343750000e+03	7.8183662891387939e-01
4.8818408203125000e+03	7.7287989854812622e-01
4.8823164062500000e+03	7.6399779319763184e-01
4.8827919921875000e+03	7.5520443916320801e-01
4.8832675781250000e+03	7.4651330709457397e-01
4.8837436523437500e+03	7.3793703317642212e-01
4.8842192382812500e+03	7.2948735952377319e-01
4.8846953125000000e+03	7.2117519378662109e-01
4.8851708984375000e+03	7.1301072835922241e-01
4.8856469726562500e+03	7.0500308275222778e-01
4.8861230468750000e+03	6.9716084003448486e-01
4.8865991210937500e+03	6.8949162960052490e-01
4.8870751953125000e+03	6.8200212717056274e-01
4.8875512695312500e+03	6.7469823360443115e-01
4.8880273437500000e+03	6.6758537292480469e-01
4.8885039062500000e+03	6.6066765785217285e-01
4.8889799804687500e+03	6.5394896268844604e-01
4.8894565429687500e+03	6.4743757247924805e-01
4.8899326171875000e+03	6.4112544059753418e-01
4.8904091796875000e+03	6.3501912355422974e-01
4.8908857421875000e+03	6.2911957502365112e-01
4.8913623046875000e+03	6.2342727184295654e-01
4.8918388671875000e+03	6.1794203519821167e-01
4.8923154296875000e+03	6.1266320943832397e-01
4.8927919921875000e+03	6.0758954286575317e-01
4.8932685546875000e+03	6.0271936655044556e-01
4.8937451171875000e+03	5.9805071353912354e-01
4.8942221679687500e+03	5.9358102083206177e-01
4.8946987304687500e+03	5.8930766582489014e-01
4.8951757812500000e+03	5.8522737026214600e-01
4.8956528320312500e+03	5.8133661746978760e-01
4.8961298828125000e+03	5.7763206958770752e-01
4.8966069335937500e+03	5.7410967350006104e-01
4.8970839843750000e+03	5.7076531648635864e-01
4.8975610351562500e+03	5.6759482622146606e-01
4.8980380859375000e+03	5.6459361314773560e-01
4.8985151367187500e+03	5.6175744533538818e-01
4.8989926757812500e+03	5.5908149480819702e-01
4.8994697265625000e+03	5.5656111240386963e-01
4.8999472656250000e+03	5.5419170856475830e-01
4.9004248046875000e+03	5.5196833610534668e-01
4.9009018554687500e+03	5.4988616704940796e-01
4.9013793945312500e+03	5.4794049263000488e-01
4.9018569335937500e+03	5.4612636566162109e-01
4.9023344726562500e+03	5.4443895816802979e-01
4.9028120117187500e+03	5.4287356138229370e-01
4.9032900390625000e+03	5.4142534732818604e-01
4.9037675781250000e+03	5.4008954763412476e-01
4.9042456054687500e+03	5.3886139392852783e-01
4.9047231445312500e+03	5.3773617744445801e-01
4.9052011718750000e+03	5.3670930862426758e-01
4.9056787109375000e+03	5.3577601909637451e-01
4.9061567382812500e+03	5.3493165969848633e-01
4.9066347656250000e+03	5.3417187929153442e-01
4.9071127929687500e+03	5.3349179029464722e-01
4.9075908203125000e+03	5.3288704156875610e-01
4.9080693359375000e+03	5.3235310316085815e-01
4.9085473632812500e+03	5.3188532590866089e-01
4.9090253906250000e+03	5.3147929906845093e-01
4.9095039062500000e+03	5.3113049268722534e-01
4.9099819335937500e+03	5.3083443641662598e-01
4.9104604492187500e+03	5.3058648109436035e-01
4.9109389648437500e+03	5.3038227558135986e-01
4.9114174804687500e+03	5.3021717071533203e-01
4.9118959960937500e+03	5.3008669614791870e-01
4.9123745117187500e+03	5.2998644113540649e-01
4.9128530273437500e+03	5.2991157770156860e-01
4.9133315429687500e+03	5.2985775470733643e-01
4.9138105468750000e+03	5.2982038259506226e-01
4.9142890625000000e+03	5.2979493141174316e-01
4.9147680664062500e+03	5.2977675199508667e-01
4.9152465820312500e+03	5.2976137399673462e-01
4.9157255859375000e+03	5.2974420785903931e-01
4.9162045898437500e+03	5.2972078323364258e-01
4.9166835937500000e+03	5.2968662977218628e-01
4.9171625976562500e+03	5.2963733673095703e-01
4.9176416015625000e+03	5.2956855297088623e-01
4.9181206054687500e+03	5.2947580814361572e-01
4.9186000976562500e+03	5.2935504913330078e-01
4.9190791015625000e+03	5.2920204401016235e-01
4.9195585937500000e+03	5.2901273965835571e-01
4.9200375976562500e+03	5.2878326177597046e-01
4.9205170898437500e+03	5.2850973606109619e-01
4.9209965820312500e+03	5.2818858623504639e-01
4.9214760742187500e+03	5.2781635522842407e-01
4.9219555664062500e+03	5.2738964557647705e-01
4.9224350585937500e+03	5.2690535783767700e-01
4.9229145507812500e+03	5.2636069059371948e-01
4.9233940429687500e+03	5.2575284242630005e-01
4.9238740234375000e+03	5.2507936954498291e-01
4.9243535156250000e+03	5.2433806657791138e-01
4.9248334960937500e+03	5.2352696657180786e-01
4.9253129882812500e+03	5.2264428138732910e-01
4.9257929687500000e+03	5.2168864011764526e-01
4.9262729492187500e+03	5.2065891027450562e-01
4.9267529296875000e+03	5.1955413818359375e-01
4.9272329101562500e+03	5.1837384700775146e-01
4.9277128906250000e+03	5.1711755990982056e-01
4.9281928710937500e+03	5.1578533649444580e-01
4.9286733398437500e+03	5.1437747478485107e-01
4.9291533203125000e+03	5.1289463043212891e-01
4.9296333007812500e+03	5.1133745908737183e-01
4.9301137695312500e+03	5.0970721244812012e-01
4.9305942382812500e+03	5.0800526142120361e-01
4.9310747070312500e+03	5.0623321533203125e-01
4.9315551757812500e+03	5.0439310073852539e-01
4.9320356445312500e+03	5.0248694419860840e-01
4.9325161132812500e+03	5.0051701068878174e-01
4.9329965820312500e+03	4.9848625063896179e-01
4.9334770507812500e+03	4.9639710783958435e-01
4.9339575195312500e+03	4.9425268173217773e-01
4.9344384765625000e+03	4.9205607175827026e-01
4.9349194335937500e+03	4.8981058597564697e-01
4.9353999023437500e+03	4.8751953244209290e-01
4.9358808593750000e+03	4.8518648743629456e-01
4.9363618164062500e+03	4.8281505703926086e-01
4.9368427734375000e+03	4.8040887713432312e-01
4.9373237304687500e+03	4.7797167301177979e-01
4.9378046875000000e+03	4.7550240159034729e-01
4.9382856445312500e+03	4.7301504015922546e-01
4.9387670898437500e+03	4.7050780057907104e-01
4.9392480468750000e+03	4.6798443794250488e-01
4.9397294921875000e+03	4.6544870734214783e-01
4.9402104492187500e+03	4.6290412545204163e-01
4.9406918945312500e+03	4.6035441756248474e-01
4.9411733398437500e+03	4.5780301094055176e-01
4.9416547851562500e+03	4.5525327324867249e-01
4.9421362304687500e+03	4.5270851254463196e-01
4.9426176757812500e+03	4.5017185807228088e-01
4.9430991210937500e+03	4.4764637947082520e-01
4.9435805664062500e+03	4.4513490796089172e-01
4.9440625000000000e+03	4.4264030456542969e-01
4.9445439453125000e+03	4.4016507267951965e-01
4.9450258789062500e+03	4.3771171569824219e-01
4.9455078125000000e+03	4.3528246879577637e-01
4.9459892578125000e+03	4.3287953734397888e-01
4.9464711914062500e+03	4.3050485849380493e-01
4.9469531250000000e+03	4.2816027998924255e-01
4.9474350585937500e+03	4.2584741115570068e-01
4.9479169921875000e+03	4.2356780171394348e-01
4.9483994140625000e+03	4.2132273316383362e-01
4.9488813476562500e+03	4.1911360621452332e-01
4.9493637695312500e+03	4.1694134473800659e-01
4.9498457031250000e+03	4.1480693221092224e-01
4.9503281250000000e+03	4.1271120309829712e-01
4.9508105468750000e+03	4.1065481305122375e-01
4.9512924804687500e+03	4.0863835811614990e-01
4.9517749023437500e+03	4.0666240453720093e-01
4.9522573242187500e+03	4.0472725033760071e-01
4.9527397460937500e+03	4.0283316373825073e-01
4.9532226562500000e+03	4.0098041296005249e-01
4.9537050781250000e+03	3.9916908740997314e-01
4.9541875000000000e+03	3.9739936590194702e-01
4.9546704101562500e+03	3.9567112922668457e-01
4.9551533203125000e+03	3.9398443698883057e-01
4.9556357421875000e+03	3.9233916997909546e-01
4.9561186523437500e+03	3.9073523879051208e-01
4.9566015625000000e+03	3.8917252421379089e-01
4.9570844726562500e+03	3.8765081763267517e-01
4.9575673828125000e+03	3.8616997003555298e-01
4.9580502929687500e+03	3.8472968339920044e-01
4.9585336914062500e+03	3.8332998752593994e-01
4.9590166015625000e+03	3.8197049498558044e-01
4.9594995117187500e+03	3.8065108656883240e-01
4.9599829101562500e+03	3.7937152385711670e-01
4.9604663085937500e+03	3.7813174724578857e-01
4.9609492187500000e+03	3.7693145871162415e-01
4.9614326171875000e+03	3.7577053904533386e-01
4.9619160156250000e+03	3.7464892864227295e-01
4.9623994140625000e+03	3.7356641888618469e-01
4.9628833007812500e+03	3.7252292037010193e-01
4.9633666992187500e+03	3.7151843309402466e-01
4.9638500976562500e+03	3.7055280804634094e-01
4.9643339843750000e+03	3.6962604522705078e-01
4.9648173828125000e+03	3.6873814463615417e-01
4.9653012695312500e+03	3.6788907647132874e-01
4.9657846679687500e+03	3.6707881093025208e-01
4.9662685546875000e+03	3.6630746722221375e-01
4.9667524414062500e+03	3.6557504534721375e-01
4.9672363281250000e+03	3.6488154530525208e-01
4.9677202148437500e+03	3.6422711610794067e-01
4.9682045898437500e+03	3.6361181735992432e-01
4.9686884765625000e+03	3.6303573846817017e-01
4.9691723632812500e+03	3.6249893903732300e-01
4.9696567382812500e+03	3.6200153827667236e-01
4.9701406250000000e+03	3.6154356598854065e-01
4.9706250000000000e+03	3.6112517118453979e-01
4.9711093750000000e+03	3.6074647307395935e-01
4.9715937500000000e+03	3.6040741205215454e-01
4.9720781250000000e+03	3.6010813713073730e-01
4.9725625000000000e+03	3.5984870791435242e-01
4.9730468750000000e+03	3.5962909460067749e-01
4.9735312500000000e+03	3.5944932699203491e-01
4.9740161132812500e+03	3.5930943489074707e-01
4.9745004882812500e+03	3.5920935869216919e-01
4.9749853515625000e+03	3.5914900898933411e-01
4.9754697265625000e+03	3.5912832617759705e-01
4.9759545898437500e+03	3.5914716124534607e-01
4.9764394531250000e+03	3.5920548439025879e-01
4.9769243164062500e+03	3.5930296778678894e-01
4.9774091796875000e+03	3.5943943262100220e-01
4.9778940429687500e+03	3.5961461067199707e-01
4.9783793945312500e+03	3.5982826352119446e-01
4.9788642578125000e+03	3.6007997393608093e-01
4.9793491210937500e+03	3.6036947369575500e-01
4.9798344726562500e+03	3.6069631576538086e-01
4.9803198242187500e+03	3.6106002330780029e-01
4.9808046875000000e+03	3.6146011948585510e-01
4.9812900390625000e+03	3.6189609766006470e-01
4.9817753906250000e+03	3.6236742138862610e-01
4.9822607421875000e+03	3.6287346482276917e-01
4.9827460937500000e+03	3.6341366171836853e-01
4.9832314453125000e+03	3.6398720741271973e-01
4.9837172851562500e+03	3.6459365487098694e-01
4.9842026367187500e+03	3.6523213982582092e-01
4.9846884765625000e+03	3.6590206623077393e-01
4.9851738281250000e+03	3.6660254001617432e-01
4.9856596679687500e+03	3.6733287572860718e-01
4.9861455078125000e+03	3.6809232831001282e-01
4.9866313476562500e+03	3.6888009309768677e-01
4.9871171875000000e+03	3.6969539523124695e-01
4.9876030273437500e+03	3.7053748965263367e-01
4.9880888671875000e+03	3.7140551209449768e-01
4.9885747070312500e+03	3.7229874730110168e-01
4.9890610351562500e+03	3.7321650981903076e-01
4.9895468750000000e+03	3.7415793538093567e-01
4.9900332031250000e+03	3.7512242794036865e-01
4.9905190429687500e+03	3.7610909342765808e-01
4.9910053710937500e+03	3.7711742520332336e-01
4.9914916992187500e+03	3.7814676761627197e-01
4.9919780273437500e+03	3.7919640541076660e-01
4.9924643554687500e+03	3.8026583194732666e-01
4.9929506835937500e+03	3.8135436177253723e-01
4.9934370117187500e+03	3.8246154785156250e-01
4.9939238281250000e+03	3.8358694314956665e-01
4.9944101562500000e+03	3.8472995162010193e-01
4.9948969726562500e+03	3.8589012622833252e-01
4.9953833007812500e+03	3.8706707954406738e-01
4.9958701171875000e+03	3.8826048374176025e-01
4.9963569335937500e+03	3.8946977257728577e-01
4.9968437500000000e+03	3.9069473743438721e-01
4.9973305664062500e+03	3.9193487167358398e-01
4.9978173828125000e+03	3.9318987727165222e-01
4.9983041992187500e+03	3.9445933699607849e-01
4.9987910156250000e+03	3.9574292302131653e-01
4.9992783203125000e+03	3.9704015851020813e-01
4.9997651367187500e+03	3.9835068583488464e-01
5.0002524414062500e+03	3.9967399835586548e-01
5.0007397460937500e+03	4.0100944042205811e-01
5.0012270507812500e+03	4.0235668420791626e-01
5.0017138671875000e+03	4.0371495485305786e-01
5.0022011718750000e+03	4.0508353710174561e-01
5.0026889648437500e+03	4.0646171569824219e-01
5.0031762695312500e+03	4.0784859657287598e-01
5.0036635742187500e+03	4.0924319624900818e-01
5.0041508789062500e+03	4.1064447164535522e-01
5.0046386718750000e+03	4.1205126047134399e-01
5.0051264648437500e+03	4.1346225142478943e-01
5.0056137695312500e+03	4.1487604379653931e-01
5.0061015625000000e+03	4.1629114747047424e-01
5.0065893554687500e+03	4.1770583391189575e-01
5.0070771484375000e+03	4.1911837458610535e-01
5.0075649414062500e+03	4.2052680253982544e-01
5.0080527343750000e+03	4.2192906141281128e-01
5.0085405273437500e+03	4.2332300543785095e-01
5.0090288085937500e+03	4.2470636963844299e-01
5.0095166015625000e+03	4.2607665061950684e-01
5.0100048828125000e+03	4.2743128538131714e-01
5.0104926757812500e+03	4.2876777052879333e-01
5.0109809570312500e+03	4.3008318543434143e-01
5.0114692382812500e+03	4.3137478828430176e-01
5.0119575195312500e+03	4.3263959884643555e-01
5.0124458007812500e+03	4.3387463688850403e-01
5.0129340820312500e+03	4.3507695198059082e-01
5.0134223632812500e+03	4.3624320626258850e-01
5.0139111328125000e+03	4.3737050890922546e-01
5.0143994140625000e+03	4.3845564126968384e-01
5.0148881835937500e+03	4.3949550390243530e-01
5.0153764648437500e+03	4.4048684835433960e-01
5.0158652343750000e+03	4.4142687320709229e-01
5.0163540039062500e+03	4.4231230020523071e-01
5.0168427734375000e+03	4.4314032793045044e-01
5.0173315429687500e+03	4.4390818476676941e-01
5.0178203125000000e+03	4.4461300969123840e-01
5.0183090820312500e+03	4.4525220990180969e-01
5.0187978515625000e+03	4.4582334160804749e-01
5.0192871093750000e+03	4.4632416963577271e-01
5.0197758789062500e+03	4.4675245881080627e-01
5.0202651367187500e+03	4.4710630178451538e-01
5.0207543945312500e+03	4.4738399982452393e-01
5.0212431640625000e+03	4.4758394360542297e-01
5.0217324218750000e+03	4.4770494103431702e-01
5.0222216796875000e+03	4.4774580001831055e-01
5.0227109375000000e+03	4.4770577549934387e-01
5.0232006835937500e+03	4.4758433103561401e-01
5.0236899414062500e+03	4.4738101959228516e-01
5.0241791992187500e+03	4.4709584116935730e-01
5.0246689453125000e+03	4.4672888517379761e-01
5.0251582031250000e+03	4.4628068804740906e-01
5.0256479492187500e+03	4.4575187563896179e-01
5.0261376953125000e+03	4.4514340162277222e-01
5.0266274414062500e+03	4.4445639848709106e-01
5.0271171875000000e+03	4.4369229674339294e-01
5.0276069335937500e+03	4.4285276532173157e-01
5.0280966796875000e+03	4.4193965196609497e-01
5.0285864257812500e+03	4.4095495343208313e-01
5.0290766601562500e+03	4.3990096449851990e-01
5.0295664062500000e+03	4.3878015875816345e-01
5.0300566406250000e+03	4.3759512901306152e-01
5.0305463867187500e+03	4.3634858727455139e-01
5.0310366210937500e+03	4.3504342436790466e-01
5.0315268554687500e+03	4.3368262052536011e-01
5.0320170898437500e+03	4.3226939439773560e-01
5.0325073242187500e+03	4.3080690503120422e-01
5.0329975585937500e+03	4.2929840087890625e-01
5.0334877929687500e+03	4.2774724960327148e-01
5.0339785156250000e+03	4.2615666985511780e-01
5.0344687500000000e+03	4.2453023791313171e-01
5.0349594726562500e+03	4.2287129163742065e-01
5.0354497070312500e+03	4.2118310928344727e-01
5.0359404296875000e+03	4.1946914792060852e-01
5.0364311523437500e+03	4.1773265600204468e-01
5.0369218750000000e+03	4.1597694158554077e-01
5.0374125976562500e+03	4.1420513391494751e-01
5.0379033203125000e+03	4.1242042183876038e-01
5.0383940429687500e+03	4.1062581539154053e-01
5.0388847656250000e+03	4.0882420539855957e-01
5.0393759765625000e+03	4.0701845288276672e-01
5.0398666992187500e+03	4.0521129965782166e-01
5.0403579101562500e+03	4.0340530872344971e-01
5.0408491210937500e+03	4.0160304307937622e-01
5.0413398437500000e+03	3.9980664849281311e-01
5.0418310546875000e+03	3.9801856875419617e-01
5.0423222656250000e+03	3.9624080061912537e-01
5.0428134765625000e+03	3.9447531104087830e-01
5.0433051757812500e+03	3.9272385835647583e-01
5.0437963867187500e+03	3.9098823070526123e-01
5.0442875976562500e+03	3.8926979899406433e-01
5.0447792968750000e+03	3.8757017254829407e-01
5.0452705078125000e+03	3.8589060306549072e-01
5.0457622070312500e+03	3.8423225283622742e-01
5.0462539062500000e+03	3.8259610533714294e-01
5.0467456054687500e+03	3.8098314404487610e-01
5.0472373046875000e+03	3.7939420342445374e-01
5.0477290039062500e+03	3.7782990932464600e-01
5.0482207031250000e+03	3.7629097700119019e-01
5.0487124023437500e+03	3.7477788329124451e-01
5.0492045898437500e+03	3.7329095602035522e-01
5.0496962890625000e+03	3.7183067202568054e-01
5.0501884765625000e+03	3.7039721012115479e-01
5.0506801757812500e+03	3.6899062991142273e-01
5.0511723632812500e+03	3.6761119961738586e-01
5.0516645507812500e+03	3.6625888943672180e-01
5.0521567382812500e+03	3.6493366956710815e-01
5.0526489257812500e+03	3.6363548040390015e-01
5.0531411132812500e+03	3.6236408352851868e-01
5.0536337890625000e+03	3.6111935973167419e-01
5.0541259765625000e+03	3.5990107059478760e-01
5.0546181640625000e+03	3.5870891809463501e-01
5.0551108398437500e+03	3.5754266381263733e-01
5.0556035156250000e+03	3.5640192031860352e-01
5.0560957031250000e+03	3.5528627038002014e-01
5.0565883789062500e+03	3.5419535636901855e-01
5.0570810546875000e+03	3.5312873125076294e-01
5.0575737304687500e+03	3.5208588838577271e-01
5.0580664062500000e+03	3.5106641054153442e-01
5.0585595703125000e+03	3.5006982088088989e-01
5.0590522460937500e+03	3.4909549355506897e-01
5.0595449218750000e+03	3.4814304113388062e-01
5.0600380859375000e+03	3.4721183776855469e-01
5.0605312500000000e+03	3.4630134701728821e-01
5.0610239257812500e+03	3.4541103243827820e-01
5.0615170898437500e+03	3.4454026818275452e-01
5.0620102539062500e+03	3.4368857741355896e-01
5.0625034179687500e+03	3.4285524487495422e-01
5.0629965820312500e+03	3.4203970432281494e-01
5.0634897460937500e+03	3.4124141931533813e-01
5.0639833984375000e+03	3.4045973420143127e-01
5.0644765625000000e+03	3.3969411253929138e-01
5.0649702148437500e+03	3.3894395828247070e-01
5.0654633789062500e+03	3.3820864558219910e-01
5.0659570312500000e+03	3.3748766779899597e-01
5.0664506835937500e+03	3.3678036928176880e-01
5.0669443359375000e+03	3.3608627319335938e-01
5.0674379882812500e+03	3.3540469408035278e-01
5.0679316406250000e+03	3.3473524451255798e-01
5.0684252929687500e+03	3.3407738804817200e-01
5.0689194335937500e+03	3.3343052864074707e-01
5.0694130859375000e+03	3.3279427886009216e-01
5.0699067382812500e+03	3.3216813206672668e-01
5.0704008789062500e+03	3.3154171705245972e-01
5.0708950195312500e+03	3.3093512058258057e-01
5.0713891601562500e+03	3.3033740520477295e-01
5.0718828125000000e+03	3.2974824309349060e-01
5.0723769531250000e+03	3.2916724681854248e-01
5.0728715820312500e+03	3.2859420776367188e-01
5.0733657226562500e+03	3.2802885770797729e-01
5.0738598632812500e+03	3.2747089862823486e-01
5.0743540039062500e+03	3.2692027091979980e-01
5.0748486328125000e+03	3.2637682557106018e-01
5.0753432617187500e+03	3.2584032416343689e-01
5.0758374023437500e+03	3.2531079649925232e-01
5.0763320312500000e+03	3.2478821277618408e-01
5.0768266601562500e+03	3.2427257299423218e-01
5.0773212890625000e+03	3.2376390695571899e-01
5.0778159179687500e+03	3.2326224446296692e-01
5.0783105468750000e+03	3.2276770472526550e-01
5.0788051757812500e+03	3.2228049635887146e-01
5.0793002929687500e+03	3.2180067896842957e-01
5.0797949218750000e+03	3.2132855057716370e-01
5.0802900390625000e+03	3.2086434960365295e-01
5.0807851562500000e+03	3.2040828466415405e-01
5.0812797851562500e+03	3.1996062397956848e-01
5.0817749023437500e+03	3.1952166557312012e-01
5.0822700195312500e+03	3.1909179687500000e-01
5.0827651367187500e+03	3.1867125630378723e-01
5.0832602539062500e+03	3.1826037168502808e-01
5.0837558593750000e+03	3.1785959005355835e-01
5.0842509765625000e+03	3.1746923923492432e-01
5.0847465820312500e+03	3.1708967685699463e-01
5.0852416992187500e+03	3.1672120094299316e-01
5.0857373046875000e+03	3.1636425852775574e-01
5.0862329101562500e+03	3.1601914763450623e-01
5.0867280273437500e+03	3.1568625569343567e-01
5.0872236328125000e+03	3.1536582112312317e-01
5.0877192382812500e+03	3.1505829095840454e-01
5.0882153320312500e+03	3.1476387381553650e-01
5.0887109375000000e+03	3.1448286771774292e-01
5.0892065429687500e+03	3.1421551108360291e-01
5.0897026367187500e+03	3.1396207213401794e-01
5.0901982421875000e+03	3.1372275948524475e-01
5.0906943359375000e+03	3.1349769234657288e-01
5.0911904296875000e+03	3.1328707933425903e-01
5.0916865234375000e+03	3.1309100985527039e-01
5.0921826171875000e+03	3.1290960311889648e-01
5.0926787109375000e+03	3.1274288892745972e-01
5.0931748046875000e+03	3.1259089708328247e-01
5.0936708984375000e+03	3.1245359778404236e-01
5.0941669921875000e+03	3.1233102083206177e-01
5.0946635742187500e+03	3.1222307682037354e-01
5.0951596679687500e+03	3.1212961673736572e-01
5.0956562500000000e+03	3.1205055117607117e-01
5.0961528320312500e+03	3.1198573112487793e-01
5.0966494140625000e+03	3.1193491816520691e-01
5.0971459960937500e+03	3.1189799308776855e-01
5.0976425781250000e+03	3.1187471747398376e-01
5.0981391601562500e+03	3.1186479330062866e-01
5.0986357421875000e+03	3.1186789274215698e-01
5.0991323242187500e+03	3.1188380718231201e-01
5.0996293945312500e+03	3.1191223859786987e-01
5.1001259765625000e+03	3.1195282936096191e-01
5.1006230468750000e+03	3.1200525164604187e-01
5.1011201171875000e+03	3.1206917762756348e-01
5.1016166992187500e+03	3.1214427947998047e-01
5.1021137695312500e+03	3.1223022937774658e-01
5.1026108398437500e+03	3.1232666969299316e-01
5.1031083984375000e+03	3.1243315339088440e-01
5.1036054687500000e+03	3.1254944205284119e-01
5.1041025390625000e+03	3.1267514824867249e-01
5.1046000976562500e+03	3.1281000375747681e-01
5.1050971679687500e+03	3.1295356154441833e-01
5.1055947265625000e+03	3.1310561299324036e-01
5.1060917968750000e+03	3.1326580047607422e-01
5.1065893554687500e+03	3.1343385577201843e-01
5.1070869140625000e+03	3.1360951066017151e-01
5.1075844726562500e+03	3.1379240751266479e-01
5.1080820312500000e+03	3.1398236751556396e-01
5.1085800781250000e+03	3.1417912244796753e-01
5.1090776367187500e+03	3.1438246369361877e-01
5.1095751953125000e+03	3.1459215283393860e-01
5.1100732421875000e+03	3.1480804085731506e-01
5.1105708007812500e+03	3.1502991914749146e-01
5.1110688476562500e+03	3.1525760889053345e-01
5.1115668945312500e+03	3.1549096107482910e-01
5.1120649414062500e+03	3.1572988629341125e-01
5.1125629882812500e+03	3.1597417593002319e-01
5.1130610351562500e+03	3.1622380018234253e-01
5.1135590820312500e+03	3.1647861003875732e-01
5.1140576171875000e+03	3.1673848628997803e-01
5.1145556640625000e+03	3.1700342893600464e-01
5.1150541992187500e+03	3.1727328896522522e-01
5.1155522460937500e+03	3.1754797697067261e-01
5.1160507812500000e+03	3.1782746315002441e-01
5.1165493164062500e+03	3.1811180710792542e-01
5.1170478515625000e+03	3.1840080022811890e-01
5.1175463867187500e+03	3.1869447231292725e-01
5.1180449218750000e+03	3.1899282336235046e-01
5.1185434570312500e+03	3.1929579377174377e-01
5.1190419921875000e+03	3.1960329413414001e-01
5.1195410156250000e+03	3.1991535425186157e-01
5.1200395507812500e+03	3.2023194432258606e-01
5.1205385742187500e+03	3.2055309414863586e-01
5.1210375976562500e+03	3.2087877392768860e-01
5.1215361328125000e+03	3.2120889425277710e-01
5.1220351562500000e+03	3.2154357433319092e-01
5.1225341796875000e+03	3.2188284397125244e-01
5.1230332031250000e+03	3.2222667336463928e-01
5.1235327148437500e+03	3.2257503271102905e-01
5.1240317382812500e+03	3.2292807102203369e-01
5.1245307617187500e+03	3.2328575849533081e-01
5.1250302734375000e+03	3.2364821434020996e-01
5.1255292968750000e+03	3.2401549816131592e-01
5.1260288085937500e+03	3.2438775897026062e-01
5.1265283203125000e+03	3.2476505637168884e-01
5.1270278320312500e+03	3.2514756917953491e-01
5.1275273437500000e+03	3.2553541660308838e-01
5.1280268554687500e+03	3.2592883706092834e-01
5.1285263671875000e+03	3.2632800936698914e-01
5.1290258789062500e+03	3.2673314213752747e-01
5.1295258789062500e+03	3.2714456319808960e-01
5.1300253906250000e+03	3.2756254076957703e-01
5.1305253906250000e+03	3.2798737287521362e-01
5.1310253906250000e+03	3.2841938734054565e-01
5.1315249023437500e+03	3.2885906100273132e-01
5.1320249023437500e+03	3.2930672168731689e-01
5.1325249023437500e+03	3.2976287603378296e-01
5.1330249023437500e+03	3.3022800087928772e-01
5.1335253906250000e+03	3.3070254325866699e-01
5.1340253906250000e+03	3.3118706941604614e-01
5.1345253906250000e+03	3.3168223500251770e-01
5.1350258789062500e+03	3.3218848705291748e-01
5.1355258789062500e+03	3.3270657062530518e-01
5.1360263671875000e+03	3.3323714137077332e-01
5.1365268554687500e+03	3.3378079533576965e-01
5.1370273437500000e+03	3.3433824777603149e-01
5.1375278320312500e+03	3.3491021394729614e-01
5.1380283203125000e+03	3.3549746870994568e-01
5.1385288085937500e+03	3.3610066771507263e-01
5.1390292968750000e+03	3.3672061562538147e-01
5.1395302734375000e+03	3.3735793828964233e-01
5.1400307617187500e+03	3.3801352977752686e-01
5.1405317382812500e+03	3.3868795633316040e-01
5.1410327148437500e+03	3.3938202261924744e-01
5.1415336914062500e+03	3.4009647369384766e-01
5.1420341796875000e+03	3.4083187580108643e-01
5.1425351562500000e+03	3.4158891439437866e-01
5.1430366210937500e+03	3.4236815571784973e-01
5.1435375976562500e+03	3.4317022562026978e-01
5.1440385742187500e+03	3.4399563074111938e-01
5.1445395507812500e+03	3.4484475851058960e-01
5.1450410156250000e+03	3.4571808576583862e-01
5.1455424804687500e+03	3.4661591053009033e-01
5.1460434570312500e+03	3.4753850102424622e-01
5.1465449218750000e+03	3.4848609566688538e-01
5.1470463867187500e+03	3.4945866465568542e-01
5.1475478515625000e+03	3.5045626759529114e-01
5.1480493164062500e+03	3.5147887468338013e-01
5.1485507812500000e+03	3.5252624750137329e-01
5.1490527343750000e+03	3.5359817743301392e-01
5.1495541992187500e+03	3.5469409823417664e-01
5.1500556640625000e+03	3.5581362247467041e-01
5.1505576171875000e+03	3.5695615410804749e-01
5.1510595703125000e+03	3.5812088847160339e-01
5.1515615234375000e+03	3.5930696129798889e-01
5.1520629882812500e+03	3.6051338911056519e-01
5.1525649414062500e+03	3.6173915863037109e-01
5.1530673828125000e+03	3.6298295855522156e-01
5.1535693359375000e+03	3.6424344778060913e-01
5.1540712890625000e+03	3.6551916599273682e-01
5.1545732421875000e+03	3.6680859327316284e-01
5.1550756835937500e+03	3.6811000108718872e-01
5.1555781250000000e+03	3.6942169070243835e-01
5.1560800781250000e+03	3.7074157595634460e-01
5.1565825195312500e+03	3.7206780910491943e-01
5.1570849609375000e+03	3.7339815497398376e-01
5.1575874023437500e+03	3.7473061680793762e-01
5.1580898437500000e+03	3.7606284022331238e-01
5.1585922851562500e+03	3.7739247083663940e-01
5.1590952148437500e+03	3.7871721386909485e-01
5.1595976562500000e+03	3.8003456592559814e-01
5.1601000976562500e+03	3.8134208321571350e-01
5.1606030273437500e+03	3.8263732194900513e-01
5.1611059570312500e+03	3.8391765952110291e-01
5.1616088867187500e+03	3.8518062233924866e-01
5.1621113281250000e+03	3.8642370700836182e-01
5.1626142578125000e+03	3.8764435052871704e-01
5.1631176757812500e+03	3.8884019851684570e-01
5.1636206054687500e+03	3.9000871777534485e-01
5.1641235351562500e+03	3.9114758372306824e-01
5.1646269531250000e+03	3.9225447177886963e-01
5.1651298828125000e+03	3.9332717657089233e-01
5.1656333007812500e+03	3.9436355233192444e-01
5.1661362304687500e+03	3.9536151289939880e-01
5.1666396484375000e+03	3.9631924033164978e-01
5.1671430664062500e+03	3.9722993969917297e-01
5.1676464843750000e+03	3.9810204505920410e-01
5.1681499023437500e+03	3.9892876148223877e-01
5.1686533203125000e+03	3.9970880746841431e-01
5.1691572265625000e+03	4.0044081211090088e-01
5.1696606445312500e+03	4.0112376213073730e-01
5.1701645507812500e+03	4.0175673365592957e-01
5.1706679687500000e+03	4.0233892202377319e-01
5.1711718750000000e+03	4.0286976099014282e-01
5.1716757812500000e+03	4.0334877371788025e-01
5.1721796875000000e+03	4.0377584099769592e-01
5.1726835937500000e+03	4.0415072441101074e-01
5.1731875000000000e+03	4.0447354316711426e-01
5.1736914062500000e+03	4.0474456548690796e-01
5.1741953125000000e+03	4.0496408939361572e-01
5.1746997070312500e+03	4.0513271093368530e-01
5.1752036132812500e+03	4.0525117516517639e-01
5.1757080078125000e+03	4.0532013773918152e-01
5.1762124023437500e+03	4.0534067153930664e-01
5.1767163085937500e+03	4.0531384944915771e-01
5.1772207031250000e+03	4.0524071455001831e-01
5.1777250976562500e+03	4.0512269735336304e-01
5.1782294921875000e+03	4.0496104955673218e-01
5.1787343750000000e+03	4.0475723147392273e-01
5.1792387695312500e+03	4.0451273322105408e-01
5.1797431640625000e+03	4.0422919392585754e-01
5.1802480468750000e+03	4.0390807390213013e-01
5.1807529296875000e+03	4.0355110168457031e-01
5.1812573242187500e+03	4.0315988659858704e-01
5.1817622070312500e+03	4.0273609757423401e-01
5.1822670898437500e+03	4.0228137373924255e-01
5.1827719726562500e+03	4.0179738402366638e-01
5.1832768554687500e+03	4.0128567814826965e-01
5.1837817382812500e+03	4.0074789524078369e-01
5.1842871093750000e+03	4.0018561482429504e-01
5.1847919921875000e+03	3.9960026741027832e-01
5.1852973632812500e+03	3.9899334311485291e-01
5.1858022460937500e+03	3.9836627244949341e-01
5.1863076171875000e+03	3.9772027730941772e-01
5.1868129882812500e+03	3.9705669879913330e-01
5.1873183593750000e+03	3.9637672901153564e-01
5.1878237304687500e+03	3.9568147063255310e-01
5.1883291015625000e+03	3.9497202634811401e-01
5.1888344726562500e+03	3.9424929022789001e-01
5.1893403320312500e+03	3.9351427555084229e-01
5.1898457031250000e+03	3.9276778697967529e-01
5.1903515625000000e+03	3.9201056957244873e-01
5.1908569335937500e+03	3.9124342799186707e-01
5.1913627929687500e+03	3.9046707749366760e-01
5.1918686523437500e+03	3.8968199491500854e-01
5.1923745117187500e+03	3.8888889551162720e-01
5.1928803710937500e+03	3.8808825612068176e-01
5.1933862304687500e+03	3.8728067278862000e-01
5.1938920898437500e+03	3.8646659255027771e-01
5.1943984375000000e+03	3.8564646244049072e-01
5.1949042968750000e+03	3.8482078909873962e-01
5.1954106445312500e+03	3.8399016857147217e-01
5.1959165039062500e+03	3.8315489888191223e-01
5.1964228515625000e+03	3.8231569528579712e-01
5.1969291992187500e+03	3.8147285580635071e-01
5.1974355468750000e+03	3.8062709569931030e-01
5.1979418945312500e+03	3.7977901101112366e-01
5.1984482421875000e+03	3.7892913818359375e-01
5.1989545898437500e+03	3.7807828187942505e-01
5.1994614257812500e+03	3.7722709774971008e-01
5.1999677734375000e+03	3.7637639045715332e-01
5.2004746093750000e+03	3.7552705407142639e-01
5.2009809570312500e+03	3.7467998266220093e-01
5.2014877929687500e+03	3.7383615970611572e-01
5.2019946289062500e+03	3.7299656867980957e-01
5.2025014648437500e+03	3.7216237187385559e-01
5.2030083007812500e+03	3.7133473157882690e-01
5.2035151367187500e+03	3.7051483988761902e-01
5.2040219726562500e+03	3.6970400810241699e-01
5.2045292968750000e+03	3.6890354752540588e-01
5.2050361328125000e+03	3.6811488866806030e-01
5.2055434570312500e+03	3.6733940243721008e-01
5.2060502929687500e+03	3.6657860875129700e-01
5.2065576171875000e+03	3.6583396792411804e-01
5.2070649414062500e+03	3.6510697007179260e-01
5.2075722656250000e+03	3.6439922451972961e-01
5.2080795898437500e+03	3.6371219158172607e-01
5.2085869140625000e+03	3.6304748058319092e-01
5.2090947265625000e+03	3.6240655183792114e-01
5.2096020507812500e+03	3.6179092526435852e-01
5.2101093750000000e+03	3.6120209097862244e-01
5.2106171875000000e+03	3.6064147949218750e-01
5.2111250000000000e+03	3.6011049151420593e-01
5.2116328125000000e+03	3.5961040854454041e-01
5.2121401367187500e+03	3.5914251208305359e-01
5.2126479492187500e+03	3.5870790481567383e-01
5.2131562500000000e+03	3.5830774903297424e-01
5.2136640625000000e+03	3.5794296860694885e-01
5.2141718750000000e+03	3.5761445760726929e-01
5.2146796875000000e+03	3.5732299089431763e-01
5.2151879882812500e+03	3.5706919431686401e-01
5.2156958007812500e+03	3.5685357451438904e-01
5.2162041015625000e+03	3.5667654871940613e-01
5.2167124023437500e+03	3.5653829574584961e-01
5.2172207031250000e+03	3.5643893480300903e-01
5.2177290039062500e+03	3.5637843608856201e-01
5.2182373046875000e+03	3.5635659098625183e-01
5.2187456054687500e+03	3.5637304186820984e-01
5.2192539062500000e+03	3.5642725229263306e-01
5.2197626953125000e+03	3.5651865601539612e-01
5.2202709960937500e+03	3.5664635896682739e-01
5.2207797851562500e+03	3.5680952668190002e-01
5.2212885742187500e+03	3.5700696706771851e-01
5.2217973632812500e+03	3.5723748803138733e-01
5.2223056640625000e+03	3.5749980807304382e-01
5.2228144531250000e+03	3.5779231786727905e-01
5.2233237304687500e+03	3.5811355710029602e-01
5.2238325195312500e+03	3.5846167802810669e-01
5.2243413085937500e+03	3.5883498191833496e-01
5.2248505859375000e+03	3.5923150181770325e-01
5.2253593750000000e+03	3.5964930057525635e-01
5.2258686523437500e+03	3.6008629202842712e-01
5.2263774414062500e+03	3.6054041981697083e-01
5.2268867187500000e+03	3.6100941896438599e-01
5.2273959960937500e+03	3.6149123311042786e-01
5.2279052734375000e+03	3.6198356747627258e-01
5.2284145507812500e+03	3.6248427629470825e-01
5.2289243164062500e+03	3.6299109458923340e-01
5.2294335937500000e+03	3.6350187659263611e-01
5.2299428710937500e+03	3.6401444673538208e-01
5.2304526367187500e+03	3.6452665925025940e-01
5.2309624023437500e+03	3.6503657698631287e-01
5.2314716796875000e+03	3.6554211378097534e-01
5.2319814453125000e+03	3.6604145169258118e-01
5.2324912109375000e+03	3.6653268337249756e-01
5.2330009765625000e+03	3.6701428890228271e-01
5.2335107421875000e+03	3.6748448014259338e-01
5.2340209960937500e+03	3.6794197559356689e-01
5.2345307617187500e+03	3.6838537454605103e-01
5.2350405273437500e+03	3.6881351470947266e-01
5.2355507812500000e+03	3.6922532320022583e-01
5.2360610351562500e+03	3.6962002515792847e-01
5.2365708007812500e+03	3.6999678611755371e-01
5.2370810546875000e+03	3.7035509943962097e-01
5.2375913085937500e+03	3.7069457769393921e-01
5.2381015625000000e+03	3.7101498246192932e-01
5.2386118164062500e+03	3.7131625413894653e-01
5.2391225585937500e+03	3.7159848213195801e-01
5.2396328125000000e+03	3.7186190485954285e-01
5.2401435546875000e+03	3.7210693955421448e-01
5.2406538085937500e+03	3.7233418226242065e-01
5.2411645507812500e+03	3.7254428863525391e-01
5.2416752929687500e+03	3.7273818254470825e-01
5.2421855468750000e+03	3.7291681766510010e-01
5.2426962890625000e+03	3.7308129668235779e-01
5.2432075195312500e+03	3.7323287129402161e-01
5.2437182617187500e+03	3.7337291240692139e-01
5.2442290039062500e+03	3.7350276112556458e-01
5.2447397460937500e+03	3.7362399697303772e-01
5.2452509765625000e+03	3.7373813986778259e-01
5.2457617187500000e+03	3.7384685873985291e-01
5.2462729492187500e+03	3.7395188212394714e-01
5.2467841796875000e+03	3.7405481934547424e-01
5.2472954101562500e+03	3.7415754795074463e-01
5.2478066406250000e+03	3.7426173686981201e-01
5.2483178710937500e+03	3.7436905503273010e-01
5.2488291015625000e+03	3.7448135018348694e-01
5.2493403320312500e+03	3.7460020184516907e-01
5.2498520507812500e+03	3.7472730875015259e-01
5.2503632812500000e+03	3.7486422061920166e-01
5.2508750000000000e+03	3.7501248717308044e-01
5.2513867187500000e+03	3.7517344951629639e-01
5.2518984375000000e+03	3.7534853816032410e-01
5.2524096679687500e+03	3.7553891539573669e-01
5.2529218750000000e+03	3.7574568390846252e-01
5.2534335937500000e+03	3.7596997618675232e-01
5.2539453125000000e+03	3.7621250748634338e-01
5.2544570312500000e+03	3.7647411227226257e-01
5.2549692382812500e+03	3.7675532698631287e-01
5.2554809570312500e+03	3.7705662846565247e-01
5.2559931640625000e+03	3.7737828493118286e-01
5.2565053710937500e+03	3.7772047519683838e-01
5.2570170898437500e+03	3.7808310985565186e-01
5.2575292968750000e+03	3.7846609950065613e-01
5.2580415039062500e+03	3.7886899709701538e-01
5.2585541992187500e+03	3.7929141521453857e-01
5.2590664062500000e+03	3.7973260879516602e-01
5.2595786132812500e+03	3.8019183278083801e-01
5.2600913085937500e+03	3.8066807389259338e-01
5.2606035156250000e+03	3.8116014003753662e-01
5.2611162109375000e+03	3.8166695833206177e-01
5.2616289062500000e+03	3.8218700885772705e-01
5.2621411132812500e+03	3.8271874189376831e-01
5.2626538085937500e+03	3.8326057791709900e-01
5.2631665039062500e+03	3.8381066918373108e-01
5.2636796875000000e+03	3.8436719775199890e-01
5.2641923828125000e+03	3.8492816686630249e-01
5.2647050781250000e+03	3.8549152016639709e-01
5.2652182617187500e+03	3.8605505228042603e-01
5.2657309570312500e+03	3.8661670684814453e-01
5.2662441406250000e+03	3.8717401027679443e-01
5.2667573242187500e+03	3.8772490620613098e-01
5.2672705078125000e+03	3.8826686143875122e-01
5.2677836914062500e+03	3.8879761099815369e-01
5.2682968750000000e+03	3.8931483030319214e-01
5.2688100585937500e+03	3.8981616497039795e-01
5.2693232421875000e+03	3.9029923081398010e-01
5.2698369140625000e+03	3.9076188206672668e-01
5.2703500976562500e+03	3.9120176434516907e-01
5.2708637695312500e+03	3.9161676168441772e-01
5.2713769531250000e+03	3.9200481772422791e-01
5.2718906250000000e+03	3.9236390590667725e-01
5.2724042968750000e+03	3.9269208908081055e-01
5.2729179687500000e+03	3.9298769831657410e-01
5.2734316406250000e+03	3.9324897527694702e-01
5.2739453125000000e+03	3.9347440004348755e-01
5.2744594726562500e+03	3.9366269111633301e-01
5.2749731445312500e+03	3.9381253719329834e-01
5.2754873046875000e+03	3.9392292499542236e-01
5.2760009765625000e+03	3.9399299025535583e-01
5.2765151367187500e+03	3.9402210712432861e-01
5.2770292968750000e+03	3.9400961995124817e-01
5.2775434570312500e+03	3.9395534992218018e-01
5.2780576171875000e+03	3.9385914802551270e-01
5.2785717773437500e+03	3.9372107386589050e-01
5.2790859375000000e+03	3.9354148507118225e-01
5.2796005859375000e+03	3.9332085847854614e-01
5.2801147460937500e+03	3.9305993914604187e-01
5.2806293945312500e+03	3.9275956153869629e-01
5.2811435546875000e+03	3.9242094755172729e-01
5.2816582031250000e+03	3.9204534888267517e-01
5.2821728515625000e+03	3.9163425564765930e-01
5.2826875000000000e+03	3.9118942618370056e-01
5.2832021484375000e+03	3.9071273803710938e-01
5.2837167968750000e+03	3.9020615816116333e-01
5.2842314453125000e+03	3.8967204093933105e-01
5.2847465820312500e+03	3.8911268115043640e-01
5.2852612304687500e+03	3.8853055238723755e-01
5.2857763671875000e+03	3.8792839646339417e-01
5.2862915039062500e+03	3.8730892539024353e-01
5.2868061523437500e+03	3.8667505979537964e-01
5.2873212890625000e+03	3.8602963089942932e-01
5.2878364257812500e+03	3.8537579774856567e-01
5.2883515625000000e+03	3.8471654057502747e-01
5.2888666992187500e+03	3.8405498862266541e-01
5.2893823242187500e+03	3.8339439034461975e-01
5.2898974609375000e+03	3.8273784518241882e-01
5.2904130859375000e+03	3.8208845257759094e-01
5.2909282226562500e+03	3.8144934177398682e-01
5.2914438476562500e+03	3.8082358241081238e-01
5.2919594726562500e+03	3.8021421432495117e-01
5.2924750976562500e+03	3.7962412834167480e-01
5.2929907226562500e+03	3.7905615568161011e-01
5.2935063476562500e+03	3.7851297855377197e-01
5.2940219726562500e+03	3.7799724936485291e-01
5.2945375976562500e+03	3.7751132249832153e-01
5.2950537109375000e+03	3.7705749273300171e-01
5.2955693359375000e+03	3.7663796544075012e-01
5.2960854492187500e+03	3.7625449895858765e-01
5.2966015625000000e+03	3.7590888142585754e-01
5.2971176757812500e+03	3.7560266256332397e-01
5.2976337890625000e+03	3.7533712387084961e-01
5.2981499023437500e+03	3.7511327862739563e-01
5.2986660156250000e+03	3.7493196129798889e-01
5.2991821289062500e+03	3.7479385733604431e-01
5.2996982421875000e+03	3.7469923496246338e-01
5.3002148437500000e+03	3.7464827299118042e-01
5.3007309570312500e+03	3.7464070320129395e-01
5.3012475585937500e+03	3.7467616796493530e-01
5.3017641601562500e+03	3.7475413084030151e-01
5.3022807617187500e+03	3.7487360835075378e-01
5.3027973632812500e+03	3.7503352761268616e-01
5.3033139648437500e+03	3.7523245811462402e-01
5.3038305664062500e+03	3.7546885013580322e-01
5.3043471679687500e+03	3.7574088573455811e-01
5.3048642578125000e+03	3.7604656815528870e-01
