4.5996503906250000e+03	3.6257889866828918e-01
4.6000986328125000e+03	3.6177256703376770e-01
4.6005468750000000e+03	3.6100530624389648e-01
4.6009951171875000e+03	3.6022800207138062e-01
4.6014433593750000e+03	3.5944285988807678e-01
4.6018916015625000e+03	3.5865202546119690e-01
4.6023398437500000e+03	3.5785773396492004e-01
4.6027880859375000e+03	3.5706219077110291e-01
4.6032363281250000e+03	3.5626778006553650e-01
4.6036850585937500e+03	3.5547682642936707e-01
4.6041333007812500e+03	3.5469174385070801e-01
4.6045820312500000e+03	3.5391488671302795e-01
4.6050302734375000e+03	3.5314869880676270e-01
4.6054790039062500e+03	3.5239541530609131e-01
4.6059277343750000e+03	3.5165748000144958e-01
4.6063764648437500e+03	3.5093718767166138e-01
4.6068251953125000e+03	3.5023674368858337e-01
4.6072739257812500e+03	3.4955835342407227e-01
4.6077226562500000e+03	3.4890425205230713e-01
4.6081718750000000e+03	3.4827640652656555e-01
4.6086206054687500e+03	3.4767684340476990e-01
4.6090693359375000e+03	3.4710744023323059e-01
4.6095185546875000e+03	3.4656998515129089e-01
4.6099677734375000e+03	3.4606614708900452e-01
4.6104165039062500e+03	3.4559759497642517e-01
4.6108657226562500e+03	3.4516566991806030e-01
4.6113149414062500e+03	3.4477180242538452e-01
4.6117641601562500e+03	3.4441715478897095e-01
4.6122133789062500e+03	3.4410282969474792e-01
4.6126630859375000e+03	3.4382975101470947e-01
4.6131123046875000e+03	3.4359878301620483e-01
4.6135615234375000e+03	3.4341049194335938e-01
4.6140112304687500e+03	3.4326550364494324e-01
4.6144604492187500e+03	3.4316414594650269e-01
4.6149101562500000e+03	3.4310665726661682e-01
4.6153598632812500e+03	3.4309315681457520e-01
4.6158090820312500e+03	3.4312358498573303e-01
4.6162587890625000e+03	3.4319779276847839e-01
4.6167084960937500e+03	3.4331539273262024e-01
4.6171582031250000e+03	3.4347587823867798e-01
4.6176083984375000e+03	3.4367880225181580e-01
4.6180581054687500e+03	3.4392327070236206e-01
4.6185078125000000e+03	3.4420844912528992e-01
4.6189580078125000e+03	3.4453335404396057e-01
4.6194077148437500e+03	3.4489685297012329e-01
4.6198579101562500e+03	3.4529769420623779e-01
4.6203081054687500e+03	3.4573447704315186e-01
4.6207578125000000e+03	3.4620583057403564e-01
4.6212080078125000e+03	3.4671008586883545e-01
4.6216582031250000e+03	3.4724557399749756e-01
4.6221083984375000e+03	3.4781050682067871e-01
4.6225590820312500e+03	3.4840312600135803e-01
4.6230092773437500e+03	3.4902134537696838e-01
4.6234594726562500e+03	3.4966319799423218e-01
4.6239101562500000e+03	3.5032662749290466e-01
4.6243603515625000e+03	3.5100942850112915e-01
4.6248110351562500e+03	3.5170945525169373e-01
4.6252612304687500e+03	3.5242432355880737e-01
4.6257119140625000e+03	3.5315194725990295e-01
4.6261625976562500e+03	3.5388979315757751e-01
4.6266132812500000e+03	3.5463559627532959e-01
4.6270639648437500e+03	3.5538703203201294e-01
4.6275146484375000e+03	3.5614171624183655e-01
4.6279658203125000e+03	3.5689720511436462e-01
4.6284165039062500e+03	3.5765126347541809e-01
4.6288671875000000e+03	3.5840141773223877e-01
4.6293183593750000e+03	3.5914546251296997e-01
4.6297690429687500e+03	3.5988107323646545e-01
4.6302202148437500e+03	3.6060604453086853e-01
4.6306713867187500e+03	3.6131820082664490e-01
4.6311225585937500e+03	3.6201545596122742e-01
4.6315737304687500e+03	3.6269575357437134e-01
4.6320249023437500e+03	3.6335712671279907e-01
4.6324760742187500e+03	3.6399775743484497e-01
4.6329272460937500e+03	3.6461579799652100e-01
4.6333789062500000e+03	3.6520966887474060e-01
4.6338300781250000e+03	3.6577785015106201e-01
4.6342812500000000e+03	3.6631879210472107e-01
4.6347329101562500e+03	3.6683127284049988e-01
4.6351845703125000e+03	3.6731407046318054e-01
4.6356357421875000e+03	3.6776617169380188e-01
4.6360874023437500e+03	3.6818665266036987e-01
4.6365390625000000e+03	3.6857485771179199e-01
4.6369907226562500e+03	3.6893010139465332e-01
4.6374428710937500e+03	3.6925193667411804e-01
4.6378945312500000e+03	3.6954015493392944e-01
4.6383461914062500e+03	3.6979451775550842e-01
4.6387978515625000e+03	3.7001511454582214e-01
4.6392500000000000e+03	3.7020212411880493e-01
4.6397021484375000e+03	3.7035578489303589e-01
4.6401538085937500e+03	3.7047669291496277e-01
4.6406059570312500e+03	3.7056544423103333e-01
4.6410581054687500e+03	3.7062278389930725e-01
4.6415102539062500e+03	3.7064972519874573e-01
4.6419624023437500e+03	3.7064722180366516e-01
4.6424145507812500e+03	3.7061655521392822e-01
4.6428666992187500e+03	3.7055897712707520e-01
4.6433188476562500e+03	3.7047594785690308e-01
4.6437714843750000e+03	3.7036901712417603e-01
4.6442236328125000e+03	3.7023976445198059e-01
4.6446762695312500e+03	3.7008997797966003e-01
4.6451289062500000e+03	3.6992141604423523e-01
4.6455810546875000e+03	3.6973595619201660e-01
4.6460336914062500e+03	3.6953553557395935e-01
4.6464863281250000e+03	3.6932215094566345e-01
4.6469389648437500e+03	3.6909776926040649e-01
4.6473916015625000e+03	3.6886441707611084e-01
4.6478447265625000e+03	3.6862418055534363e-01
4.6482973632812500e+03	3.6837911605834961e-01
4.6487500000000000e+03	3.6813122034072876e-01
4.6492031250000000e+03	3.6788246035575867e-01
4.6496557617187500e+03	3.6763489246368408e-01
4.6501088867187500e+03	3.6739036440849304e-01
4.6505620117187500e+03	3.6715075373649597e-01
4.6510151367187500e+03	3.6691790819168091e-01
4.6514682617187500e+03	3.6669355630874634e-01
4.6519213867187500e+03	3.6647927761077881e-01
4.6523745117187500e+03	3.6627668142318726e-01
4.6528276367187500e+03	3.6608716845512390e-01
4.6532807617187500e+03	3.6591207981109619e-01
4.6537343750000000e+03	3.6575266718864441e-01
4.6541875000000000e+03	3.6560994386672974e-01
4.6546411132812500e+03	3.6548501253128052e-01
4.6550942382812500e+03	3.6537858843803406e-01
4.6555478515625000e+03	3.6529144644737244e-01
4.6560014648437500e+03	3.6522415280342102e-01
4.6564550781250000e+03	3.6517712473869324e-01
4.6569086914062500e+03	3.6515071988105774e-01
4.6573623046875000e+03	3.6514499783515930e-01
4.6578159179687500e+03	3.6516001820564270e-01
4.6582695312500000e+03	3.6519572138786316e-01
4.6587236328125000e+03	3.6525177955627441e-01
4.6591772460937500e+03	3.6532792448997498e-01
4.6596313476562500e+03	3.6542356014251709e-01
4.6600849609375000e+03	3.6553817987442017e-01
4.6605390625000000e+03	3.6567091941833496e-01
4.6609931640625000e+03	3.6582100391387939e-01
4.6614472656250000e+03	3.6598747968673706e-01
4.6619013671875000e+03	3.6616930365562439e-01
4.6623554687500000e+03	3.6636528372764587e-01
4.6628095703125000e+03	3.6657434701919556e-01
4.6632641601562500e+03	3.6679503321647644e-01
4.6637182617187500e+03	3.6702606081962585e-01
4.6641723632812500e+03	3.6726599931716919e-01
4.6646269531250000e+03	3.6751341819763184e-01
4.6650815429687500e+03	3.6776676774024963e-01
4.6655356445312500e+03	3.6802452802658081e-01
4.6659902343750000e+03	3.6828511953353882e-01
4.6664448242187500e+03	3.6854693293571472e-01
4.6668994140625000e+03	3.6880847811698914e-01
4.6673540039062500e+03	3.6906808614730835e-01
4.6678085937500000e+03	3.6932420730590820e-01
4.6682636718750000e+03	3.6957529187202454e-01
4.6687182617187500e+03	3.6981979012489319e-01
4.6691733398437500e+03	3.7005627155303955e-01
4.6696279296875000e+03	3.7028324604034424e-01
4.6700830078125000e+03	3.7049928307533264e-01
4.6705380859375000e+03	3.7070310115814209e-01
4.6709926757812500e+03	3.7089335918426514e-01
4.6714477539062500e+03	3.7106880545616150e-01
4.6719028320312500e+03	3.7122842669487000e-01
4.6723579101562500e+03	3.7137109041213989e-01
4.6728134765625000e+03	3.7149581313133240e-01
4.6732685546875000e+03	3.7160173058509827e-01
4.6737236328125000e+03	3.7168797850608826e-01
4.6741791992187500e+03	3.7175393104553223e-01
4.6746342773437500e+03	3.7179890275001526e-01
4.6750898437500000e+03	3.7182241678237915e-01
4.6755454101562500e+03	3.7182411551475525e-01
4.6760009765625000e+03	3.7180358171463013e-01
4.6764560546875000e+03	3.7176069617271423e-01
4.6769116210937500e+03	3.7169530987739563e-01
4.6773676757812500e+03	3.7160742282867432e-01
4.6778232421875000e+03	3.7149706482887268e-01
4.6782788085937500e+03	3.7136453390121460e-01
4.6787343750000000e+03	3.7121006846427917e-01
4.6791904296875000e+03	3.7103399634361267e-01
4.6796459960937500e+03	3.7083685398101807e-01
4.6801020507812500e+03	3.7061914801597595e-01
4.6805581054687500e+03	3.7038153409957886e-01
4.6810141601562500e+03	3.7012472748756409e-01
4.6814702148437500e+03	3.6984944343566895e-01
4.6819262695312500e+03	3.6955660581588745e-01
4.6823823242187500e+03	3.6924704909324646e-01
4.6828383789062500e+03	3.6892184615135193e-01
4.6832944335937500e+03	3.6858186125755310e-01
4.6837509765625000e+03	3.6822828650474548e-01
4.6842070312500000e+03	3.6786210536956787e-01
4.6846635742187500e+03	3.6748453974723816e-01
4.6851196289062500e+03	3.6709669232368469e-01
4.6855761718750000e+03	3.6669969558715820e-01
4.6860327148437500e+03	3.6629474163055420e-01
4.6864892578125000e+03	3.6588308215141296e-01
4.6869458007812500e+03	3.6546581983566284e-01
4.6874023437500000e+03	3.6504408717155457e-01
4.6878588867187500e+03	3.6461913585662842e-01
4.6883154296875000e+03	3.6419206857681274e-01
4.6887724609375000e+03	3.6376395821571350e-01
4.6892290039062500e+03	3.6333590745925903e-01
4.6896860351562500e+03	3.6290898919105530e-01
4.6901425781250000e+03	3.6248418688774109e-01
4.6905996093750000e+03	3.6206242442131042e-01
4.6910566406250000e+03	3.6164462566375732e-01
4.6915136718750000e+03	3.6123159527778625e-01
4.6919707031250000e+03	3.6082416772842407e-01
4.6924277343750000e+03	3.6042311787605286e-01
4.6928847656250000e+03	3.6002901196479797e-01
4.6933417968750000e+03	3.5964247584342957e-01
4.6937993164062500e+03	3.5926410555839539e-01
4.6942563476562500e+03	3.5889431834220886e-01
4.6947138671875000e+03	3.5853350162506104e-01
4.6951713867187500e+03	3.5818201303482056e-01
4.6956284179687500e+03	3.5784012079238892e-01
4.6960859375000000e+03	3.5750794410705566e-01
4.6965434570312500e+03	3.5718563199043274e-01
4.6970009765625000e+03	3.5687330365180969e-01
4.6974584960937500e+03	3.5657083988189697e-01
4.6979160156250000e+03	3.5627827048301697e-01
4.6983740234375000e+03	3.5599535703659058e-01
4.6988315429687500e+03	3.5572192072868347e-01
4.6992895507812500e+03	3.5545772314071655e-01
4.6997470703125000e+03	3.5520246624946594e-01
4.7002050781250000e+03	3.5495579242706299e-01
4.7006625976562500e+03	3.5471725463867188e-01
4.7011206054687500e+03	3.5448646545410156e-01
4.7015786132812500e+03	3.5426282882690430e-01
4.7020366210937500e+03	3.5404595732688904e-01
4.7024946289062500e+03	3.5383522510528564e-01
4.7029531250000000e+03	3.5363003611564636e-01
4.7034111328125000e+03	3.5342988371849060e-01
4.7038691406250000e+03	3.5323396325111389e-01
4.7043276367187500e+03	3.5304182767868042e-01
4.7047856445312500e+03	3.5285273194313049e-01
4.7052441406250000e+03	3.5266605019569397e-01
4.7057026367187500e+03	3.5248115658760071e-01
4.7061611328125000e+03	3.5229730606079102e-01
4.7066196289062500e+03	3.5211399197578430e-01
4.7070781250000000e+03	3.5193046927452087e-01
4.7075366210937500e+03	3.5174617171287537e-01
4.7079951171875000e+03	3.5156050324440002e-01
4.7084536132812500e+03	3.5137280821800232e-01
4.7089125976562500e+03	3.5118257999420166e-01
4.7093710937500000e+03	3.5098922252655029e-01
4.7098300781250000e+03	3.5079231858253479e-01
4.7102885742187500e+03	3.5059130191802979e-01
4.7107475585937500e+03	3.5038575530052185e-01
4.7112065429687500e+03	3.5017523169517517e-01
4.7116655273437500e+03	3.4995934367179871e-01
4.7121245117187500e+03	3.4973776340484619e-01
4.7125834960937500e+03	3.4951019287109375e-01
4.7130424804687500e+03	3.4927630424499512e-01
4.7135019531250000e+03	3.4903582930564880e-01
4.7139609375000000e+03	3.4878855943679810e-01
4.7144199218750000e+03	3.4853434562683105e-01
4.7148793945312500e+03	3.4827306866645813e-01
4.7153388671875000e+03	3.4800457954406738e-01
4.7157983398437500e+03	3.4772875905036926e-01
4.7162573242187500e+03	3.4744566679000854e-01
4.7167167968750000e+03	3.4715524315834045e-01
4.7171762695312500e+03	3.4685742855072021e-01
4.7176362304687500e+03	3.4655231237411499e-01
4.7180957031250000e+03	3.4623998403549194e-01
4.7185551757812500e+03	3.4592044353485107e-01
4.7190146484375000e+03	3.4559389948844910e-01
4.7194746093750000e+03	3.4526035189628601e-01
4.7199345703125000e+03	3.4492003917694092e-01
4.7203940429687500e+03	3.4457305073738098e-01
4.7208540039062500e+03	3.4421950578689575e-01
4.7213139648437500e+03	3.4385964274406433e-01
4.7217739257812500e+03	3.4349361062049866e-01
4.7222338867187500e+03	3.4312152862548828e-01
4.7226938476562500e+03	3.4274363517761230e-01
4.7231538085937500e+03	3.4236010909080505e-01
4.7236142578125000e+03	3.4197103977203369e-01
4.7240742187500000e+03	3.4157663583755493e-01
4.7245346679687500e+03	3.4117704629898071e-01
4.7249946289062500e+03	3.4077242016792297e-01
4.7254550781250000e+03	3.4036290645599365e-01
4.7259155273437500e+03	3.3994859457015991e-01
4.7263759765625000e+03	3.3952963352203369e-01
4.7268359375000000e+03	3.3910608291625977e-01
4.7272968750000000e+03	3.3867803215980530e-01
4.7277573242187500e+03	3.3824560046195984e-01
4.7282177734375000e+03	3.3780878782272339e-01
4.7286782226562500e+03	3.3736762404441833e-01
4.7291391601562500e+03	3.3692222833633423e-01
4.7295996093750000e+03	3.3647245168685913e-01
4.7300605468750000e+03	3.3601841330528259e-01
4.7305214843750000e+03	3.3556002378463745e-01
4.7309819335937500e+03	3.3509731292724609e-01
4.7314428710937500e+03	3.3463022112846375e-01
4.7319038085937500e+03	3.3415862917900085e-01
4.7323647460937500e+03	3.3368259668350220e-01
4.7328256835937500e+03	3.3320200443267822e-01
4.7332871093750000e+03	3.3271673321723938e-01
4.7337480468750000e+03	3.3222678303718567e-01
4.7342094726562500e+03	3.3173206448554993e-01
4.7346704101562500e+03	3.3123248815536499e-01
4.7351318359375000e+03	3.3072796463966370e-01
4.7355927734375000e+03	3.3021846413612366e-01
4.7360541992187500e+03	3.2970392704010010e-01
4.7365156250000000e+03	3.2918423414230347e-01
4.7369770507812500e+03	3.2865947484970093e-01
4.7374384765625000e+03	3.2812955975532532e-01
4.7378999023437500e+03	3.2759445905685425e-01
4.7383618164062500e+03	3.2705417275428772e-01
4.7388232421875000e+03	3.2650876045227051e-01
4.7392846679687500e+03	3.2595834136009216e-01
4.7397465820312500e+03	3.2540279626846313e-01
4.7402084960937500e+03	3.2484233379364014e-01
4.7406699218750000e+03	3.2427710294723511e-01
4.7411318359375000e+03	3.2370710372924805e-01
4.7415937500000000e+03	3.2313263416290283e-01
4.7420556640625000e+03	3.2255378365516663e-01
4.7425175781250000e+03	3.2197073101997375e-01
4.7429794921875000e+03	3.2138380408287048e-01
4.7434418945312500e+03	3.2079324126243591e-01
4.7439038085937500e+03	3.2019925117492676e-01
4.7443662109375000e+03	3.1960216164588928e-01
4.7448281250000000e+03	3.1900230050086975e-01
4.7452905273437500e+03	3.1839999556541443e-01
4.7457524414062500e+03	3.1779566407203674e-01
4.7462148437500000e+03	3.1718966364860535e-01
4.7466772460937500e+03	3.1658717989921570e-01
4.7471396484375000e+03	3.1597945094108582e-01
4.7476020507812500e+03	3.1537136435508728e-01
4.7480649414062500e+03	3.1476327776908875e-01
4.7485273437500000e+03	3.1415563821792603e-01
4.7489897460937500e+03	3.1354895234107971e-01
4.7494526367187500e+03	3.1294366717338562e-01
4.7499150390625000e+03	3.1234019994735718e-01
4.7503779296875000e+03	3.1173908710479736e-01
4.7508408203125000e+03	3.1114071607589722e-01
4.7513037109375000e+03	3.1054556369781494e-01
4.7517666015625000e+03	3.0995410680770874e-01
4.7522294921875000e+03	3.0936676263809204e-01
4.7526923828125000e+03	3.0878394842147827e-01
4.7531552734375000e+03	3.0820614099502563e-01
4.7536181640625000e+03	3.0763369798660278e-01
4.7540815429687500e+03	3.0706709623336792e-01
4.7545444335937500e+03	3.0650669336318970e-01
4.7550078125000000e+03	3.0595269799232483e-01
4.7554707031250000e+03	3.0540570616722107e-01
4.7559340820312500e+03	3.0486583709716797e-01
4.7563974609375000e+03	3.0433350801467896e-01
4.7568608398437500e+03	3.0380898714065552e-01
4.7573242187500000e+03	3.0329254269599915e-01
4.7577875976562500e+03	3.0278435349464417e-01
4.7582509765625000e+03	3.0228474736213684e-01
4.7587148437500000e+03	3.0179384350776672e-01
4.7591782226562500e+03	3.0131185054779053e-01
4.7596420898437500e+03	3.0083894729614258e-01
4.7601054687500000e+03	3.0037528276443481e-01
4.7605693359375000e+03	2.9992091655731201e-01
4.7610332031250000e+03	2.9947602748870850e-01
4.7614970703125000e+03	2.9904058575630188e-01
4.7619609375000000e+03	2.9861474037170410e-01
4.7624248046875000e+03	2.9819855093955994e-01
4.7628886718750000e+03	2.9779195785522461e-01
4.7633525390625000e+03	2.9739511013031006e-01
4.7638168945312500e+03	2.9700788855552673e-01
4.7642807617187500e+03	2.9663035273551941e-01
4.7647451171875000e+03	2.9626247286796570e-01
4.7652089843750000e+03	2.9590418934822083e-01
4.7656733398437500e+03	2.9556021094322205e-01
4.7661376953125000e+03	2.9522144794464111e-01
4.7666020507812500e+03	2.9489219188690186e-01
4.7670664062500000e+03	2.9457238316535950e-01
4.7675307617187500e+03	2.9426202178001404e-01
4.7679951171875000e+03	2.9396101832389832e-01
4.7684594726562500e+03	2.9366931319236755e-01
4.7689238281250000e+03	2.9338684678077698e-01
4.7693886718750000e+03	2.9311367869377136e-01
4.7698535156250000e+03	2.9284960031509399e-01
4.7703178710937500e+03	2.9259461164474487e-01
4.7707827148437500e+03	2.9234880208969116e-01
4.7712475585937500e+03	2.9211202263832092e-01
4.7717124023437500e+03	2.9188430309295654e-01
4.7721772460937500e+03	2.9166561365127563e-01
4.7726420898437500e+03	2.9145601391792297e-01
4.7731069335937500e+03	2.9125544428825378e-01
4.7735717773437500e+03	2.9106393456459045e-01
4.7740371093750000e+03	2.9088163375854492e-01
4.7745019531250000e+03	2.9070854187011719e-01
4.7749672851562500e+03	2.9054471850395203e-01
4.7754321289062500e+03	2.9039025306701660e-01
4.7758974609375000e+03	2.9024523496627808e-01
4.7763627929687500e+03	2.9010984301567078e-01
4.7768281250000000e+03	2.8998422622680664e-01
4.7772934570312500e+03	2.8986850380897522e-01
4.7777587890625000e+03	2.8976288437843323e-01
4.7782241210937500e+03	2.8966754674911499e-01
4.7786899414062500e+03	2.8958278894424438e-01
4.7791552734375000e+03	2.8950873017311096e-01
4.7796210937500000e+03	2.8944578766822815e-01
4.7800864257812500e+03	2.8939417004585266e-01
4.7805522460937500e+03	2.8935423493385315e-01
4.7810180664062500e+03	2.8932628035545349e-01
4.7814833984375000e+03	2.8931069374084473e-01
4.7819492187500000e+03	2.8930783271789551e-01
4.7824150390625000e+03	2.8931814432144165e-01
4.7828813476562500e+03	2.8934207558631897e-01
4.7833471679687500e+03	2.8938004374504089e-01
4.7838129882812500e+03	2.8943255543708801e-01
4.7842792968750000e+03	2.8950017690658569e-01
4.7847451171875000e+03	2.8958338499069214e-01
4.7852114257812500e+03	2.8968280553817749e-01
4.7856777343750000e+03	2.8979897499084473e-01
4.7861435546875000e+03	2.8993257880210876e-01
4.7866098632812500e+03	2.9008412361145020e-01
4.7870761718750000e+03	2.9025447368621826e-01
4.7875424804687500e+03	2.9044416546821594e-01
4.7880087890625000e+03	2.9065400362014771e-01
4.7884755859375000e+03	2.9088473320007324e-01
4.7889418945312500e+03	2.9113712906837463e-01
4.7894086914062500e+03	2.9141199588775635e-01
4.7898750000000000e+03	2.9171010851860046e-01
4.7903417968750000e+03	2.9203242063522339e-01
4.7908081054687500e+03	2.9237970709800720e-01
4.7912749023437500e+03	2.9275289177894592e-01
4.7917416992187500e+03	2.9315298795700073e-01
4.7922084960937500e+03	2.9358085989952087e-01
4.7926752929687500e+03	2.9403749108314514e-01
4.7931425781250000e+03	2.9452386498451233e-01
4.7936093750000000e+03	2.9504099488258362e-01
4.7940761718750000e+03	2.9558989405632019e-01
4.7945434570312500e+03	2.9617166519165039e-01
4.7950102539062500e+03	2.9678729176521301e-01
4.7954775390625000e+03	2.9743796586990356e-01
4.7959448242187500e+03	2.9812470078468323e-01
4.7964121093750000e+03	2.9884856939315796e-01
4.7968789062500000e+03	2.9961082339286804e-01
4.7973461914062500e+03	3.0041247606277466e-01
4.7978139648437500e+03	3.0125471949577332e-01
4.7982812500000000e+03	3.0213868618011475e-01
4.7987485351562500e+03	3.0306547880172729e-01
4.7992163085937500e+03	3.0403631925582886e-01
4.7996835937500000e+03	3.0505234003067017e-01
4.8001513671875000e+03	3.0611467361450195e-01
4.8006186523437500e+03	3.0722448229789734e-01
4.8010864257812500e+03	3.0838292837142944e-01
4.8015541992187500e+03	3.0959108471870422e-01
4.8020219726562500e+03	3.1085470318794250e-01
4.8024897460937500e+03	3.1216651201248169e-01
4.8029575195312500e+03	3.1353148818016052e-01
4.8034252929687500e+03	3.1495067477226257e-01
4.8038935546875000e+03	3.1642523407936096e-01
4.8043613281250000e+03	3.1795611977577209e-01
4.8048295898437500e+03	3.1954437494277954e-01
4.8052973632812500e+03	3.2119104266166687e-01
4.8057656250000000e+03	3.2289695739746094e-01
4.8062338867187500e+03	3.2466310262680054e-01
4.8067021484375000e+03	3.2649037241935730e-01
4.8071704101562500e+03	3.2837951183319092e-01
4.8076386718750000e+03	3.3033144474029541e-01
4.8081069335937500e+03	3.3234679698944092e-01
4.8085751953125000e+03	3.3442628383636475e-01
4.8090439453125000e+03	3.3657053112983704e-01
4.8095122070312500e+03	3.3878022432327271e-01
4.8099809570312500e+03	3.4105572104454041e-01
4.8104492187500000e+03	3.4339761734008789e-01
4.8109179687500000e+03	3.4580627083778381e-01
4.8113867187500000e+03	3.4828194975852966e-01
4.8118554687500000e+03	3.5082507133483887e-01
4.8123242187500000e+03	3.5343569517135620e-01
4.8127929687500000e+03	3.5611405968666077e-01
4.8132617187500000e+03	3.5886016488075256e-01
4.8137309570312500e+03	3.6167404055595398e-01
4.8141997070312500e+03	3.6455562710762024e-01
4.8146684570312500e+03	3.6750960350036621e-01
4.8151376953125000e+03	3.7052658200263977e-01
4.8156069335937500e+03	3.7361061573028564e-01
4.8160761718750000e+03	3.7676140666007996e-01
4.8165449218750000e+03	3.7997859716415405e-01
4.8170141601562500e+03	3.8326174020767212e-01
4.8174833984375000e+03	3.8661029934883118e-01
4.8179531250000000e+03	3.9002373814582825e-01
4.8184223632812500e+03	3.9350143074989319e-01
4.8188916015625000e+03	3.9704278111457825e-01
4.8193613281250000e+03	4.0064713358879089e-01
4.8198305664062500e+03	4.0431368350982666e-01
4.8203002929687500e+03	4.0804183483123779e-01
4.8207695312500000e+03	4.1183078289031982e-01
4.8212392578125000e+03	4.1567993164062500e-01
4.8217089843750000e+03	4.1958838701248169e-01
4.8221787109375000e+03	4.2355552315711975e-01
4.8226484375000000e+03	4.2758068442344666e-01
4.8231181640625000e+03	4.3166318535804749e-01
4.8235883789062500e+03	4.3580245971679688e-01
4.8240581054687500e+03	4.3999803066253662e-01
4.8245278320312500e+03	4.4424933195114136e-01
4.8249980468750000e+03	4.4855606555938721e-01
4.8254682617187500e+03	4.5291799306869507e-01
4.8259379882812500e+03	4.5733469724655151e-01
4.8264082031250000e+03	4.6180641651153564e-01
4.8268784179687500e+03	4.6633300185203552e-01
4.8273486328125000e+03	4.7091481089591980e-01
4.8278188476562500e+03	4.7555211186408997e-01
4.8282895507812500e+03	4.8024538159370422e-01
4.8287597656250000e+03	4.8499533534049988e-01
4.8292299804687500e+03	4.8980283737182617e-01
4.8297006835937500e+03	4.9466893076896667e-01
4.8301708984375000e+03	4.9959471821784973e-01
4.8306416015625000e+03	5.0458174943923950e-01
4.8311123046875000e+03	5.0963157415390015e-01
4.8315830078125000e+03	5.1474589109420776e-01
4.8320537109375000e+03	5.1992678642272949e-01
4.8325244140625000e+03	5.2517640590667725e-01
4.8329951171875000e+03	5.3049707412719727e-01
4.8334658203125000e+03	5.3589129447937012e-01
4.8339365234375000e+03	5.4136174917221069e-01
4.8344077148437500e+03	5.4691141843795776e-01
4.8348784179687500e+03	5.5254316329956055e-01
4.8353496093750000e+03	5.5826014280319214e-01
4.8358208007812500e+03	5.6406551599502563e-01
4.8362915039062500e+03	5.6996262073516846e-01
4.8367626953125000e+03	5.7595479488372803e-01
4.8372338867187500e+03	5.8204537630081177e-01
4.8377050781250000e+03	5.8823782205581665e-01
4.8381767578125000e+03	5.9453535079956055e-01
4.8386479492187500e+03	6.0094135999679565e-01
4.8391191406250000e+03	6.0745900869369507e-01
4.8395908203125000e+03	6.1409109830856323e-01
4.8400620117187500e+03	6.2084072828292847e-01
4.8405336914062500e+03	6.2771022319793701e-01
4.8410053710937500e+03	6.3470202684402466e-01
4.8414770507812500e+03	6.4181804656982422e-01
4.8419482421875000e+03	6.4905995130538940e-01
4.8424199218750000e+03	6.5642893314361572e-01
4.8428920898437500e+03	6.6392564773559570e-01
4.8433637695312500e+03	6.7155021429061890e-01
4.8438354492187500e+03	6.7930221557617188e-01
4.8443076171875000e+03	6.8718075752258301e-01
4.8447792968750000e+03	6.9518417119979858e-01
4.8452514648437500e+03	7.0330983400344849e-01
4.8457231445312500e+03	7.1155494451522827e-01
4.8461953125000000e+03	7.1991509199142456e-01
4.8466674804687500e+03	7.2838592529296875e-01
4.8471396484375000e+03	7.3696136474609375e-01
4.8476118164062500e+03	7.4563527107238770e-01
4.8480839843750000e+03	7.5439977645874023e-01
4.8485561523437500e+03	7.6324671506881714e-01
4.8490288085937500e+03	7.7216631174087524e-01
4.8495009765625000e+03	7.8114843368530273e-01
4.8499736328125000e+03	7.9018163681030273e-01
4.8504458007812500e+03	7.9925340414047241e-01
4.8509184570312500e+03	8.0835056304931641e-01
4.8513911132812500e+03	8.1745868921279907e-01
4.8518637695312500e+03	8.2656234502792358e-01
4.8523364257812500e+03	8.3564561605453491e-01
4.8528090820312500e+03	8.4469127655029297e-01
4.8532817382812500e+03	8.5368144512176514e-01
4.8537543945312500e+03	8.6259734630584717e-01
4.8542275390625000e+03	8.7141954898834229e-01
4.8547001953125000e+03	8.8012802600860596e-01
4.8551733398437500e+03	8.8870203495025635e-01
4.8556464843750000e+03	8.9712023735046387e-01
4.8561191406250000e+03	9.0536129474639893e-01
4.8565922851562500e+03	9.1340273618698120e-01
4.8570654296875000e+03	9.2122250795364380e-01
4.8575385742187500e+03	9.2879825830459595e-01
4.8580117187500000e+03	9.3610745668411255e-01
4.8584853515625000e+03	9.4312775135040283e-01
4.8589584960937500e+03	9.4983673095703125e-01
4.8594316406250000e+03	9.5621252059936523e-01
4.8599052734375000e+03	9.6223366260528564e-01
4.8603784179687500e+03	9.6787893772125244e-01
4.8608520507812500e+03	9.7312813997268677e-01
4.8613256835937500e+03	9.7796124219894409e-01
4.8617993164062500e+03	9.8235535621643066e-01
4.8622729492187500e+03	9.8630142211914062e-01
4.8627465820312500e+03	9.8977810144424438e-01
4.8632202148437500e+03	9.9276983737945557e-01
4.8636938476562500e+03	9.9526214599609375e-01
4.8641679687500000e+03	9.9724215269088745e-01
4.8646416015625000e+03	9.9869823455810547e-01
4.8651157226562500e+03	9.9962031841278076e-01
4.8655893554687500e+03	1.0000000000000000e+00
4.8660634765625000e+03	9.9983060359954834e-01
4.8665375976562500e+03	9.9910694360733032e-01
4.8670117187500000e+03	9.9782574176788330e-01
4.8674858398437500e+03	9.9598526954650879e-01
4.8679599609375000e+03	9.9358606338500977e-01
4.8684340820312500e+03	9.9062991142272949e-01
4.8689086914062500e+03	9.8712104558944702e-01
4.8693828125000000e+03	9.8306471109390259e-01
4.8698569335937500e+03	9.7846865653991699e-01
4.8703315429687500e+03	9.7334200143814087e-01
4.8708061523437500e+03	9.6769577264785767e-01
4.8712807617187500e+03	9.6154254674911499e-01
4.8717548828125000e+03	9.5489650964736938e-01
4.8722294921875000e+03	9.4777351617813110e-01
4.8727045898437500e+03	9.4019073247909546e-01
4.8731791992187500e+03	9.3216675519943237e-01
4.8736538085937500e+03	9.2372143268585205e-01
4.8741284179687500e+03	9.1487592458724976e-01
4.8746035156250000e+03	9.0565252304077148e-01
4.8750781250000000e+03	8.9607411623001099e-01
4.8755532226562500e+03	8.8616484403610229e-01
4.8760283203125000e+03	8.7594944238662720e-01
4.8765029296875000e+03	8.6545324325561523e-01
4.8769780273437500e+03	8.5470235347747803e-01
4.8774531250000000e+03	8.4372276067733765e-01
4.8779287109375000e+03	8.3254110813140869e-01
4.8784038085937500e+03	8.2118403911590576e-01
4.8788789062500000e+03	8.0967837572097778e-01
4.8793540039062500e+03	7.9805052280426025e-01
4.8798295898437500e+03	7.8632694482803345e-01
4.8803051757812500e+03	7.7453356981277466e-01
4.8807802734375000e+03	7.6269632577896118e-01
4.8812558593750000e+03	7.5084012746810913e-01
4.8817314453125000e+03	7.3898953199386597e-01
4.8822070312500000e+03	7.2716826200485229e-01
4.8826826171875000e+03	7.1539920568466187e-01
4.8831582031250000e+03	7.0370471477508545e-01
4.8836337890625000e+03	6.9210582971572876e-01
4.8841098632812500e+03	6.8062275648117065e-01
4.8845854492187500e+03	6.6927462816238403e-01
4.8850615234375000e+03	6.5807944536209106e-01
4.8855371093750000e+03	6.4705419540405273e-01
4.8860131835937500e+03	6.3621461391448975e-01
4.8864892578125000e+03	6.2557518482208252e-01
4.8869653320312500e+03	6.1514931917190552e-01
4.8874414062500000e+03	6.0494905710220337e-01
4.8879174804687500e+03	5.9498560428619385e-01
4.8883935546875000e+03	5.8526843786239624e-01
4.8888696289062500e+03	5.7580608129501343e-01
4.8893461914062500e+03	5.6660604476928711e-01
4.8898222656250000e+03	5.5767446756362915e-01
4.8902988281250000e+03	5.4901635646820068e-01
4.8907749023437500e+03	5.4063588380813599e-01
4.8912514648437500e+03	5.3253579139709473e-01
4.8917280273437500e+03	5.2471816539764404e-01
4.8922045898437500e+03	5.1718384027481079e-01
4.8926811523437500e+03	5.0993281602859497e-01
4.8931577148437500e+03	5.0296449661254883e-01
4.8936342773437500e+03	4.9627685546875000e-01
4.8941113281250000e+03	4.8986777663230896e-01
4.8945878906250000e+03	4.8373398184776306e-01
4.8950649414062500e+03	4.7787168622016907e-01
4.8955415039062500e+03	4.7227650880813599e-01
4.8960185546875000e+03	4.6694350242614746e-01
4.8964956054687500e+03	4.6186730265617371e-01
4.8969726562500000e+03	4.5704194903373718e-01
4.8974497070312500e+03	4.5246115326881409e-01
4.8979267578125000e+03	4.4811838865280151e-01
4.8984038085937500e+03	4.4400677084922791e-01
4.8988808593750000e+03	4.4011917710304260e-01
4.8993583984375000e+03	4.3644830584526062e-01
4.8998354492187500e+03	4.3298661708831787e-01
4.9003129882812500e+03	4.2972663044929504e-01
4.9007905273437500e+03	4.2666065692901611e-01
4.9012675781250000e+03	4.2378109693527222e-01
4.9017451171875000e+03	4.2108023166656494e-01
4.9022226562500000e+03	4.1855043172836304e-01
4.9027001953125000e+03	4.1618418693542480e-01
4.9031777343750000e+03	4.1397392749786377e-01
4.9036557617187500e+03	4.1191235184669495e-01
4.9041333007812500e+03	4.0999209880828857e-01
4.9046108398437500e+03	4.0820616483688354e-01
4.9050888671875000e+03	4.0654757618904114e-01
4.9055668945312500e+03	4.0500956773757935e-01
4.9060444335937500e+03	4.0359011292457581e-01
4.9065224609375000e+03	4.0227413177490234e-01
4.9070004882812500e+03	4.0105956792831421e-01
4.9074785156250000e+03	3.9994043111801147e-01
4.9079565429687500e+03	3.9891099929809570e-01
4.9084345703125000e+03	3.9796566963195801e-01
4.9089130859375000e+03	3.9709904789924622e-01
4.9093911132812500e+03	3.9630597829818726e-01
4.9098691406250000e+03	3.9558148384094238e-01
4.9103476562500000e+03	3.9492082595825195e-01
4.9108261718750000e+03	3.9431938529014587e-01
4.9113046875000000e+03	3.9377278089523315e-01
4.9117827148437500e+03	3.9327678084373474e-01
4.9122612304687500e+03	3.9282727241516113e-01
4.9127397460937500e+03	3.9242044091224670e-01
4.9132187500000000e+03	3.9205238223075867e-01
4.9136972656250000e+03	3.9171960949897766e-01
4.9141757812500000e+03	3.9141860604286194e-01
4.9146547851562500e+03	3.9114591479301453e-01
4.9151333007812500e+03	3.9089837670326233e-01
4.9156123046875000e+03	3.9067277312278748e-01
4.9160908203125000e+03	3.9046606421470642e-01
4.9165698242187500e+03	3.9027526974678040e-01
4.9170488281250000e+03	3.9009749889373779e-01
4.9175278320312500e+03	3.8992995023727417e-01
4.9180068359375000e+03	3.8976982235908508e-01
4.9184863281250000e+03	3.8961440324783325e-01
4.9189653320312500e+03	3.8946110010147095e-01
4.9194443359375000e+03	3.8930732011795044e-01
4.9199238281250000e+03	3.8915047049522400e-01
4.9204028320312500e+03	3.8898810744285583e-01
4.9208823242187500e+03	3.8881772756576538e-01
4.9213618164062500e+03	3.8863697648048401e-01
4.9218413085937500e+03	3.8844347000122070e-01
4.9223208007812500e+03	3.8823488354682922e-01
4.9228002929687500e+03	3.8800895214080811e-01
4.9232797851562500e+03	3.8776344060897827e-01
4.9237592773437500e+03	3.8749626278877258e-01
4.9242387695312500e+03	3.8720524311065674e-01
4.9247187500000000e+03	3.8688835501670837e-01
4.9251982421875000e+03	3.8654366135597229e-01
4.9256782226562500e+03	3.8616925477981567e-01
4.9261582031250000e+03	3.8576328754425049e-01
4.9266381835937500e+03	3.8532415032386780e-01
4.9271181640625000e+03	3.8485008478164673e-01
4.9275981445312500e+03	3.8433969020843506e-01
4.9280781250000000e+03	3.8379150629043579e-01
4.9285581054687500e+03	3.8320419192314148e-01
4.9290380859375000e+03	3.8257667422294617e-01
4.9295185546875000e+03	3.8190788030624390e-01
4.9299985351562500e+03	3.8119688630104065e-01
4.9304790039062500e+03	3.8044300675392151e-01
4.9309589843750000e+03	3.7964558601379395e-01
4.9314394531250000e+03	3.7880417704582214e-01
4.9319199218750000e+03	3.7791848182678223e-01
4.9324003906250000e+03	3.7698850035667419e-01
4.9328808593750000e+03	3.7601408362388611e-01
4.9333613281250000e+03	3.7499561905860901e-01
4.9338422851562500e+03	3.7393331527709961e-01
4.9343227539062500e+03	3.7282785773277283e-01
4.9348032226562500e+03	3.7167984247207642e-01
4.9352841796875000e+03	3.7048575282096863e-01
4.9357651367187500e+03	3.6925625801086426e-01
4.9362456054687500e+03	3.6798718571662903e-01
4.9367265625000000e+03	3.6668002605438232e-01
4.9372075195312500e+03	3.6533623933792114e-01
4.9376884765625000e+03	3.6395743489265442e-01
4.9381694335937500e+03	3.6254552006721497e-01
4.9386508789062500e+03	3.6110219359397888e-01
4.9391318359375000e+03	3.5962969064712524e-01
4.9396127929687500e+03	3.5812997817993164e-01
4.9400942382812500e+03	3.5660532116889954e-01
4.9405751953125000e+03	3.5505807399749756e-01
4.9410566406250000e+03	3.5349059104919434e-01
4.9415380859375000e+03	3.5190525650978088e-01
4.9420195312500000e+03	3.5030466318130493e-01
4.9425009765625000e+03	3.4869125485420227e-01
4.9429824218750000e+03	3.4706762433052063e-01
4.9434638671875000e+03	3.4543630480766296e-01
4.9439453125000000e+03	3.4379994869232178e-01
4.9444272460937500e+03	3.4216111898422241e-01
4.9449086914062500e+03	3.4052234888076782e-01
4.9453906250000000e+03	3.3888614177703857e-01
4.9458720703125000e+03	3.3725503087043762e-01
4.9463540039062500e+03	3.3563145995140076e-01
4.9468359375000000e+03	3.3401778340339661e-01
4.9473178710937500e+03	3.3241638541221619e-01
4.9477998046875000e+03	3.3082944154739380e-01
4.9482817382812500e+03	3.2925912737846375e-01
4.9487636718750000e+03	3.2770755887031555e-01
4.9492460937500000e+03	3.2617679238319397e-01
4.9497280273437500e+03	3.2466861605644226e-01
4.9502104492187500e+03	3.2318487763404846e-01
4.9506923828125000e+03	3.2172730565071106e-01
4.9511748046875000e+03	3.2029744982719421e-01
4.9516572265625000e+03	3.1889688968658447e-01
4.9521396484375000e+03	3.1752693653106689e-01
4.9526220703125000e+03	3.1618887186050415e-01
4.9531044921875000e+03	3.1488391757011414e-01
4.9535869140625000e+03	3.1361314654350281e-01
4.9540698242187500e+03	3.1237754225730896e-01
4.9545522460937500e+03	3.1117793917655945e-01
4.9550346679687500e+03	3.1001517176628113e-01
4.9555175781250000e+03	3.0888995528221130e-01
4.9560004882812500e+03	3.0780279636383057e-01
4.9564829101562500e+03	3.0675429105758667e-01
4.9569658203125000e+03	3.0574491620063782e-01
4.9574487304687500e+03	3.0477499961853027e-01
4.9579316406250000e+03	3.0384480953216553e-01
4.9584150390625000e+03	3.0295455455780029e-01
4.9588979492187500e+03	3.0210015177726746e-01
4.9593808593750000e+03	3.0129072070121765e-01
4.9598642578125000e+03	3.0052161216735840e-01
4.9603471679687500e+03	2.9979279637336731e-01
4.9608305664062500e+03	2.9910433292388916e-01
4.9613139648437500e+03	2.9845604300498962e-01
4.9617968750000000e+03	2.9784789681434631e-01
4.9622802734375000e+03	2.9727974534034729e-01
4.9627636718750000e+03	2.9675143957138062e-01
4.9632475585937500e+03	2.9626280069351196e-01
4.9637309570312500e+03	2.9581362009048462e-01
4.9642143554687500e+03	2.9540374875068665e-01
4.9646982421875000e+03	2.9503288865089417e-01
4.9651816406250000e+03	2.9470077157020569e-01
4.9656655273437500e+03	2.9440724849700928e-01
4.9661489257812500e+03	2.9415193200111389e-01
4.9666328125000000e+03	2.9393470287322998e-01
4.9671166992187500e+03	2.9375520348548889e-01
4.9676005859375000e+03	2.9361313581466675e-01
4.9680844726562500e+03	2.9350823163986206e-01
4.9685683593750000e+03	2.9344028234481812e-01
4.9690527343750000e+03	2.9340887069702148e-01
4.9695366210937500e+03	2.9341375827789307e-01
4.9700209960937500e+03	2.9345467686653137e-01
4.9705048828125000e+03	2.9353132843971252e-01
4.9709892578125000e+03	2.9364338517189026e-01
4.9714736328125000e+03	2.9379051923751831e-01
4.9719575195312500e+03	2.9397249221801758e-01
4.9724418945312500e+03	2.9418885707855225e-01
4.9729262695312500e+03	2.9443946480751038e-01
4.9734111328125000e+03	2.9472383856773376e-01
4.9738955078125000e+03	2.9504168033599854e-01
4.9743798828125000e+03	2.9539269208908081e-01
4.9748647460937500e+03	2.9577642679214478e-01
4.9753491210937500e+03	2.9619255661964417e-01
4.9758339843750000e+03	2.9664069414138794e-01
4.9763188476562500e+03	2.9712051153182983e-01
4.9768032226562500e+03	2.9763141274452209e-01
4.9772880859375000e+03	2.9817306995391846e-01
4.9777729492187500e+03	2.9874512553215027e-01
4.9782583007812500e+03	2.9934692382812500e-01
4.9787431640625000e+03	2.9997810721397400e-01
4.9792280273437500e+03	3.0063810944557190e-01
4.9797133789062500e+03	3.0132642388343811e-01
4.9801982421875000e+03	3.0204239487648010e-01
4.9806835937500000e+03	3.0278554558753967e-01
4.9811684570312500e+03	3.0355522036552429e-01
4.9816538085937500e+03	3.0435076355934143e-01
4.9821391601562500e+03	3.0517157912254333e-01
4.9826245117187500e+03	3.0601683259010315e-01
4.9831098632812500e+03	3.0688592791557312e-01
4.9835952148437500e+03	3.0777800083160400e-01
4.9840810546875000e+03	3.0869230628013611e-01
4.9845664062500000e+03	3.0962800979614258e-01
4.9850522460937500e+03	3.1058427691459656e-01
4.9855375976562500e+03	3.1156021356582642e-01
4.9860234375000000e+03	3.1255483627319336e-01
4.9865092773437500e+03	3.1356731057167053e-01
4.9869946289062500e+03	3.1459659337997437e-01
4.9874804687500000e+03	3.1564167141914368e-01
4.9879663085937500e+03	3.1670153141021729e-01
4.9884526367187500e+03	3.1777507066726685e-01
4.9889384765625000e+03	3.1886127591133118e-01
4.9894243164062500e+03	3.1995892524719238e-01
4.9899106445312500e+03	3.2106700539588928e-01
4.9903964843750000e+03	3.2218426465988159e-01
4.9908828125000000e+03	3.2330960035324097e-01
4.9913691406250000e+03	3.2444179058074951e-01
4.9918549804687500e+03	3.2557529211044312e-01
4.9923413085937500e+03	3.2671794295310974e-01
4.9928276367187500e+03	3.2786384224891663e-01
4.9933144531250000e+03	3.2901167869567871e-01
4.9938007812500000e+03	3.3016043901443481e-01
4.9942871093750000e+03	3.3130878210067749e-01
4.9947739257812500e+03	3.3245551586151123e-01
4.9952602539062500e+03	3.3359950780868530e-01
4.9957470703125000e+03	3.3473959565162659e-01
4.9962333984375000e+03	3.3587458729743958e-01
4.9967202148437500e+03	3.3700340986251831e-01
4.9972070312500000e+03	3.3812490105628967e-01
4.9976938476562500e+03	3.3923804759979248e-01
4.9981806640625000e+03	3.4034174680709839e-01
4.9986674804687500e+03	3.4143513441085815e-01
4.9991547851562500e+03	3.4251707792282104e-01
4.9996416015625000e+03	3.4358677268028259e-01
5.0001289062500000e+03	3.4464323520660400e-01
5.0006157226562500e+03	3.4568569064140320e-01
5.0011030273437500e+03	3.4671333432197571e-01
5.0015903320312500e+03	3.4772533178329468e-01
5.0020776367187500e+03	3.4872102737426758e-01
5.0025649414062500e+03	3.4969970583915710e-01
5.0030522460937500e+03	3.5066077113151550e-01
5.0035395507812500e+03	3.5160362720489502e-01
5.0040268554687500e+03	3.5252764821052551e-01
5.0045141601562500e+03	3.5343232750892639e-01
5.0050019531250000e+03	3.5431718826293945e-01
5.0054892578125000e+03	3.5518178343772888e-01
5.0059770507812500e+03	3.5602566599845886e-01
5.0064648437500000e+03	3.5684829950332642e-01
5.0069526367187500e+03	3.5764941573143005e-01
5.0074404296875000e+03	3.5842859745025635e-01
5.0079282226562500e+03	3.5918542742729187e-01
5.0084160156250000e+03	3.5991951823234558e-01
5.0089038085937500e+03	3.6063051223754883e-01
5.0093916015625000e+03	3.6131796240806580e-01
5.0098798828125000e+03	3.6198148131370544e-01
5.0103676757812500e+03	3.6262071132659912e-01
5.0108559570312500e+03	3.6323508620262146e-01
5.0113442382812500e+03	3.6382421851158142e-01
5.0118325195312500e+03	3.6438763141632080e-01
5.0123203125000000e+03	3.6492469906806946e-01
5.0128090820312500e+03	3.6543491482734680e-01
5.0132973632812500e+03	3.6591771245002747e-01
5.0137856445312500e+03	3.6637234687805176e-01
5.0142739257812500e+03	3.6679816246032715e-01
5.0147626953125000e+03	3.6719441413879395e-01
5.0152509765625000e+03	3.6756038665771484e-01
5.0157397460937500e+03	3.6789521574974060e-01
5.0162280273437500e+03	3.6819806694984436e-01
5.0167167968750000e+03	3.6846801638603210e-01
5.0172055664062500e+03	3.6870416998863220e-01
5.0176943359375000e+03	3.6890557408332825e-01
5.0181831054687500e+03	3.6907118558883667e-01
5.0186718750000000e+03	3.6920005083084106e-01
5.0191611328125000e+03	3.6929115653038025e-01
5.0196499023437500e+03	3.6934342980384827e-01
5.0201391601562500e+03	3.6935588717460632e-01
5.0206279296875000e+03	3.6932748556137085e-01
5.0211171875000000e+03	3.6925727128982544e-01
5.0216064453125000e+03	3.6914417147636414e-01
5.0220952148437500e+03	3.6898729205131531e-01
5.0225844726562500e+03	3.6878567934036255e-01
5.0230737304687500e+03	3.6853849887847900e-01
5.0235634765625000e+03	3.6824497580528259e-01
5.0240527343750000e+03	3.6790424585342407e-01
5.0245419921875000e+03	3.6751583218574524e-01
5.0250317382812500e+03	3.6707904934883118e-01
5.0255209960937500e+03	3.6659336090087891e-01
5.0260107421875000e+03	3.6605855822563171e-01
5.0265004882812500e+03	3.6547416448593140e-01
5.0269902343750000e+03	3.6483591794967651e-01
5.0274794921875000e+03	3.6415252089500427e-01
5.0279697265625000e+03	3.6341953277587891e-01
5.0284594726562500e+03	3.6263707280158997e-01
5.0289492187500000e+03	3.6180549860000610e-01
5.0294389648437500e+03	3.6092525720596313e-01
5.0299291992187500e+03	3.5999703407287598e-01
5.0304189453125000e+03	3.5902160406112671e-01
5.0309091796875000e+03	3.5799971222877502e-01
5.0313994140625000e+03	3.5693255066871643e-01
5.0318891601562500e+03	3.5582110285758972e-01
5.0323793945312500e+03	3.5466676950454712e-01
5.0328696289062500e+03	3.5347092151641846e-01
5.0333598632812500e+03	3.5223507881164551e-01
5.0338505859375000e+03	3.5096091032028198e-01
5.0343408203125000e+03	3.4965011477470398e-01
5.0348310546875000e+03	3.4830456972122192e-01
5.0353217773437500e+03	3.4692621231079102e-01
5.0358125000000000e+03	3.4551706910133362e-01
5.0363027343750000e+03	3.4407928586006165e-01
5.0367934570312500e+03	3.4261491894721985e-01
5.0372841796875000e+03	3.4112629294395447e-01
5.0377749023437500e+03	3.3961561322212219e-01
5.0382656250000000e+03	3.3808520436286926e-01
5.0387563476562500e+03	3.3653736114501953e-01
5.0392475585937500e+03	3.3497443795204163e-01
5.0397382812500000e+03	3.3339884877204895e-01
5.0402290039062500e+03	3.3181282877922058e-01
5.0407202148437500e+03	3.3021873235702515e-01
5.0412114257812500e+03	3.2861891388893127e-01
5.0417021484375000e+03	3.2701557874679565e-01
5.0421933593750000e+03	3.2541093230247498e-01
5.0426845703125000e+03	3.2380726933479309e-01
5.0431757812500000e+03	3.2220655679702759e-01
5.0436674804687500e+03	3.2061097025871277e-01
5.0441586914062500e+03	3.1902241706848145e-01
5.0446499023437500e+03	3.1744286417961121e-01
5.0451416015625000e+03	3.1587409973144531e-01
5.0456328125000000e+03	3.1431788206100464e-01
5.0461245117187500e+03	3.1277588009834290e-01
5.0466162109375000e+03	3.1124958395957947e-01
5.0471079101562500e+03	3.0974057316780090e-01
5.0475996093750000e+03	3.0825012922286987e-01
5.0480913085937500e+03	3.0677956342697144e-01
5.0485830078125000e+03	3.0533009767532349e-01
5.0490747070312500e+03	3.0390277504920959e-01
5.0495664062500000e+03	3.0249857902526855e-01
5.0500585937500000e+03	3.0111843347549438e-01
5.0505502929687500e+03	2.9976314306259155e-01
5.0510424804687500e+03	2.9843339323997498e-01
5.0515346679687500e+03	2.9712980985641479e-01
5.0520268554687500e+03	2.9585301876068115e-01
5.0525190429687500e+03	2.9460334777832031e-01
5.0530112304687500e+03	2.9338124394416809e-01
5.0535034179687500e+03	2.9218703508377075e-01
5.0539956054687500e+03	2.9102092981338501e-01
5.0544877929687500e+03	2.8988301753997803e-01
5.0549804687500000e+03	2.8877353668212891e-01
5.0554726562500000e+03	2.8769248723983765e-01
5.0559653320312500e+03	2.8663975000381470e-01
5.0564580078125000e+03	2.8561541438102722e-01
5.0569501953125000e+03	2.8461924195289612e-01
5.0574428710937500e+03	2.8365108370780945e-01
5.0579355468750000e+03	2.8271076083183289e-01
5.0584287109375000e+03	2.8179803490638733e-01
5.0589213867187500e+03	2.8091257810592651e-01
5.0594140625000000e+03	2.8005412220954895e-01
5.0599067382812500e+03	2.7922227978706360e-01
5.0603999023437500e+03	2.7841672301292419e-01
5.0608930664062500e+03	2.7763700485229492e-01
5.0613857421875000e+03	2.7688267827033997e-01
5.0618789062500000e+03	2.7615335583686829e-01
5.0623720703125000e+03	2.7544853091239929e-01
5.0628652343750000e+03	2.7476772665977478e-01
5.0633583984375000e+03	2.7411043643951416e-01
5.0638515625000000e+03	2.7347621321678162e-01
5.0643452148437500e+03	2.7286443114280701e-01
5.0648383789062500e+03	2.7227458357810974e-01
5.0653320312500000e+03	2.7170616388320923e-01
5.0658251953125000e+03	2.7115854620933533e-01
5.0663188476562500e+03	2.7063119411468506e-01
5.0668125000000000e+03	2.7012351155281067e-01
5.0673061523437500e+03	2.6963493227958679e-01
5.0677993164062500e+03	2.6916491985321045e-01
5.0682934570312500e+03	2.6871278882026672e-01
5.0687871093750000e+03	2.6827797293663025e-01
5.0692807617187500e+03	2.6785990595817566e-01
5.0697744140625000e+03	2.6745796203613281e-01
5.0702685546875000e+03	2.6707151532173157e-01
5.0707626953125000e+03	2.6670002937316895e-01
5.0712563476562500e+03	2.6634284853935242e-01
5.0717504882812500e+03	2.6599940657615662e-01
5.0722446289062500e+03	2.6566907763481140e-01
5.0727387695312500e+03	2.6535129547119141e-01
5.0732329101562500e+03	2.6504552364349365e-01
5.0737270507812500e+03	2.6475116610527039e-01
5.0742211914062500e+03	2.6446762681007385e-01
5.0747158203125000e+03	2.6419439911842346e-01
5.0752099609375000e+03	2.6393094658851624e-01
5.0757045898437500e+03	2.6367670297622681e-01
5.0761987304687500e+03	2.6343116164207458e-01
5.0766933593750000e+03	2.6319390535354614e-01
5.0771879882812500e+03	2.6296442747116089e-01
5.0776826171875000e+03	2.6274222135543823e-01
5.0781772460937500e+03	2.6252689957618713e-01
5.0786718750000000e+03	2.6231804490089417e-01
5.0791665039062500e+03	2.6211524009704590e-01
5.0796616210937500e+03	2.6191818714141846e-01
5.0801562500000000e+03	2.6172646880149841e-01
5.0806513671875000e+03	2.6153981685638428e-01
5.0811464843750000e+03	2.6135790348052979e-01
5.0816411132812500e+03	2.6118052005767822e-01
5.0821362304687500e+03	2.6100733876228333e-01
5.0826313476562500e+03	2.6083824038505554e-01
5.0831264648437500e+03	2.6067298650741577e-01
5.0836215820312500e+03	2.6051142811775208e-01
5.0841166992187500e+03	2.6035341620445251e-01
5.0846123046875000e+03	2.6019889116287231e-01
5.0851074218750000e+03	2.6004770398139954e-01
5.0856030273437500e+03	2.5989988446235657e-01
5.0860981445312500e+03	2.5975528359413147e-01
5.0865937500000000e+03	2.5961396098136902e-01
5.0870893554687500e+03	2.5947591662406921e-01
5.0875849609375000e+03	2.5934115052223206e-01
5.0880805664062500e+03	2.5920975208282471e-01
5.0885761718750000e+03	2.5908175110816956e-01
5.0890717773437500e+03	2.5895720720291138e-01
5.0895678710937500e+03	2.5883626937866211e-01
5.0900634765625000e+03	2.5871899724006653e-01
5.0905595703125000e+03	2.5860550999641418e-01
5.0910551757812500e+03	2.5849589705467224e-01
5.0915512695312500e+03	2.5839033722877502e-01
5.0920473632812500e+03	2.5828894972801208e-01
5.0925434570312500e+03	2.5819179415702820e-01
5.0930395507812500e+03	2.5809910893440247e-01
5.0935356445312500e+03	2.5801089406013489e-01
5.0940317382812500e+03	2.5792738795280457e-01
5.0945283203125000e+03	2.5784868001937866e-01
5.0950244140625000e+03	2.5777485966682434e-01
5.0955205078125000e+03	2.5770604610443115e-01
5.0960170898437500e+03	2.5764232873916626e-01
5.0965136718750000e+03	2.5758379697799683e-01
5.0970102539062500e+03	2.5753051042556763e-01
5.0975068359375000e+03	2.5748258829116821e-01
5.0980034179687500e+03	2.5744003057479858e-01
5.0985000000000000e+03	2.5740283727645874e-01
5.0989965820312500e+03	2.5737109780311584e-01
5.0994931640625000e+03	2.5734478235244751e-01
5.0999902343750000e+03	2.5732389092445374e-01
5.1004868164062500e+03	2.5730836391448975e-01
5.1009838867187500e+03	2.5729820132255554e-01
5.1014804687500000e+03	2.5729337334632874e-01
5.1019775390625000e+03	2.5729373097419739e-01
5.1024746093750000e+03	2.5729927420616150e-01
5.1029716796875000e+03	2.5730982422828674e-01
5.1034687500000000e+03	2.5732532143592834e-01
5.1039658203125000e+03	2.5734564661979675e-01
5.1044633789062500e+03	2.5737065076828003e-01
5.1049604492187500e+03	2.5740024447441101e-01
5.1054580078125000e+03	2.5743418931961060e-01
5.1059550781250000e+03	2.5747242569923401e-01
5.1064526367187500e+03	2.5751477479934692e-01
5.1069501953125000e+03	2.5756102800369263e-01
5.1074477539062500e+03	2.5761106610298157e-01
5.1079453125000000e+03	2.5766468048095703e-01
5.1084428710937500e+03	2.5772178173065186e-01
5.1089404296875000e+03	2.5778210163116455e-01
5.1094379882812500e+03	2.5784552097320557e-01
5.1099360351562500e+03	2.5791186094284058e-01
5.1104335937500000e+03	2.5798106193542480e-01
5.1109316406250000e+03	2.5805282592773438e-01
5.1114291992187500e+03	2.5812706351280212e-01
5.1119272460937500e+03	2.5820365548133850e-01
5.1124252929687500e+03	2.5828245282173157e-01
5.1129233398437500e+03	2.5836339592933655e-01
5.1134213867187500e+03	2.5844624638557434e-01
5.1139194335937500e+03	2.5853097438812256e-01
5.1144179687500000e+03	2.5861743092536926e-01
5.1149160156250000e+03	2.5870555639266968e-01
5.1154145507812500e+03	2.5879532098770142e-01
5.1159125976562500e+03	2.5888657569885254e-01
5.1164111328125000e+03	2.5897929072380066e-01
5.1169096679687500e+03	2.5907346606254578e-01
5.1174082031250000e+03	2.5916895270347595e-01
5.1179067382812500e+03	2.5926578044891357e-01
5.1184052734375000e+03	2.5936385989189148e-01
5.1189038085937500e+03	2.5946325063705444e-01
5.1194023437500000e+03	2.5956392288208008e-01
5.1199008789062500e+03	2.5966581702232361e-01
5.1203999023437500e+03	2.5976896286010742e-01
5.1208989257812500e+03	2.5987333059310913e-01
5.1213974609375000e+03	2.5997895002365112e-01
5.1218964843750000e+03	2.6008585095405579e-01
5.1223955078125000e+03	2.6018947362899780e-01
5.1228945312500000e+03	2.6029926538467407e-01
5.1233935546875000e+03	2.6041030883789062e-01
5.1238925781250000e+03	2.6052257418632507e-01
5.1243916015625000e+03	2.6063615083694458e-01
5.1248911132812500e+03	2.6075097918510437e-01
5.1253901367187500e+03	2.6086717844009399e-01
5.1258896484375000e+03	2.6098462939262390e-01
5.1263891601562500e+03	2.6110342144966125e-01
5.1268881835937500e+03	2.6122352480888367e-01
5.1273876953125000e+03	2.6134502887725830e-01
5.1278872070312500e+03	2.6146784424781799e-01
5.1283867187500000e+03	2.6159209012985229e-01
5.1288862304687500e+03	2.6171767711639404e-01
5.1293862304687500e+03	2.6184466481208801e-01
5.1298857421875000e+03	2.6197305321693420e-01
5.1303857421875000e+03	2.6210287213325500e-01
5.1308852539062500e+03	2.6223415136337280e-01
5.1313852539062500e+03	2.6236689090728760e-01
5.1318852539062500e+03	2.6250115036964417e-01
5.1323847656250000e+03	2.6263689994812012e-01
5.1328847656250000e+03	2.6277428865432739e-01
5.1333847656250000e+03	2.6291325688362122e-01
5.1338852539062500e+03	2.6305392384529114e-01
5.1343852539062500e+03	2.6319634914398193e-01
5.1348852539062500e+03	2.6334062218666077e-01
5.1353857421875000e+03	2.6348680257797241e-01
5.1358857421875000e+03	2.6363503932952881e-01
5.1363862304687500e+03	2.6378545165061951e-01
5.1368867187500000e+03	2.6393812894821167e-01
5.1373872070312500e+03	2.6409330964088440e-01
5.1378876953125000e+03	2.6425105333328247e-01
5.1383881835937500e+03	2.6441162824630737e-01
5.1388886718750000e+03	2.6457518339157104e-01
5.1393891601562500e+03	2.6474198698997498e-01
5.1398901367187500e+03	2.6491221785545349e-01
5.1403906250000000e+03	2.6508617401123047e-01
5.1408916015625000e+03	2.6526415348052979e-01
5.1413920898437500e+03	2.6544636487960815e-01
5.1418930664062500e+03	2.6563319563865662e-01
5.1423940429687500e+03	2.6582491397857666e-01
5.1428950195312500e+03	2.6602187752723694e-01
5.1433959960937500e+03	2.6622441411018372e-01
5.1438969726562500e+03	2.6643294095993042e-01
5.1443979492187500e+03	2.6664781570434570e-01
5.1448994140625000e+03	2.6686936616897583e-01
5.1454003906250000e+03	2.6709803938865662e-01
5.1459018554687500e+03	2.6733419299125671e-01
5.1464028320312500e+03	2.6757827401161194e-01
5.1469042968750000e+03	2.6783066987991333e-01
5.1474057617187500e+03	2.6809173822402954e-01
5.1479072265625000e+03	2.6836192607879639e-01
5.1484086914062500e+03	2.6864159107208252e-01
5.1489101562500000e+03	2.6893112063407898e-01
5.1494121093750000e+03	2.6923090219497681e-01
5.1499135742187500e+03	2.6954123377799988e-01
5.1504150390625000e+03	2.6986250281333923e-01
5.1509169921875000e+03	2.7019494771957397e-01
5.1514189453125000e+03	2.7053889632225037e-01
5.1519204101562500e+03	2.7089458703994751e-01
5.1524223632812500e+03	2.7126222848892212e-01
5.1529243164062500e+03	2.7164205908775330e-01
5.1534262695312500e+03	2.7203410863876343e-01
5.1539287109375000e+03	2.7243858575820923e-01
5.1544306640625000e+03	2.7285555005073547e-01
5.1549326171875000e+03	2.7328491210937500e-01
5.1554350585937500e+03	2.7372670173645020e-01
5.1559370117187500e+03	2.7418076992034912e-01
5.1564394531250000e+03	2.7464705705642700e-01
5.1569418945312500e+03	2.7512526512145996e-01
5.1574443359375000e+03	2.7561512589454651e-01
5.1579467773437500e+03	2.7611634135246277e-01
5.1584492187500000e+03	2.7662855386734009e-01
5.1589516601562500e+03	2.7715122699737549e-01
5.1594541015625000e+03	2.7768391370773315e-01
5.1599565429687500e+03	2.7822595834732056e-01
5.1604594726562500e+03	2.7877679467201233e-01
5.1609619140625000e+03	2.7933561801910400e-01
5.1614648437500000e+03	2.7990168333053589e-01
5.1619677734375000e+03	2.8047421574592590e-01
5.1624707031250000e+03	2.8105223178863525e-01
5.1629736328125000e+03	2.8163486719131470e-01
5.1634765625000000e+03	2.8222101926803589e-01
5.1639794921875000e+03	2.8280973434448242e-01
5.1644824218750000e+03	2.8339985013008118e-01
5.1649858398437500e+03	2.8399026393890381e-01
5.1654887695312500e+03	2.8457972407341003e-01
5.1659921875000000e+03	2.8516706824302673e-01
5.1664951171875000e+03	2.8575110435485840e-01
5.1669985351562500e+03	2.8633043169975281e-01
5.1675019531250000e+03	2.8690388798713684e-01
5.1680053710937500e+03	2.8747013211250305e-01
5.1685087890625000e+03	2.8802788257598877e-01
5.1690122070312500e+03	2.8857582807540894e-01
5.1695161132812500e+03	2.8911274671554565e-01
5.1700195312500000e+03	2.8963726758956909e-01
5.1705234375000000e+03	2.9014819860458374e-01
5.1710268554687500e+03	2.9064434766769409e-01
5.1715307617187500e+03	2.9112452268600464e-01
5.1720346679687500e+03	2.9158756136894226e-01
5.1725380859375000e+03	2.9203245043754578e-01
5.1730419921875000e+03	2.9245805740356445e-01
5.1735463867187500e+03	2.9286345839500427e-01
5.1740502929687500e+03	2.9324775934219360e-01
5.1745541992187500e+03	2.9361009597778320e-01
5.1750581054687500e+03	2.9394972324371338e-01
5.1755625000000000e+03	2.9426598548889160e-01
5.1760664062500000e+03	2.9455828666687012e-01
5.1765708007812500e+03	2.9482609033584595e-01
5.1770751953125000e+03	2.9506897926330566e-01
5.1775795898437500e+03	2.9528665542602539e-01
5.1780839843750000e+03	2.9547885060310364e-01
5.1785883789062500e+03	2.9564544558525085e-01
5.1790927734375000e+03	2.9578635096549988e-01
5.1795971679687500e+03	2.9590162634849548e-01
5.1801020507812500e+03	2.9599139094352722e-01
5.1806064453125000e+03	2.9605582356452942e-01
5.1811113281250000e+03	2.9609525203704834e-01
5.1816162109375000e+03	2.9611006379127502e-01
5.1821206054687500e+03	2.9610061645507812e-01
5.1826254882812500e+03	2.9606750607490540e-01
5.1831303710937500e+03	2.9601132869720459e-01
5.1836352539062500e+03	2.9593271017074585e-01
5.1841406250000000e+03	2.9583227634429932e-01
5.1846455078125000e+03	2.9571086168289185e-01
5.1851503906250000e+03	2.9556921124458313e-01
5.1856557617187500e+03	2.9540821909904480e-01
5.1861606445312500e+03	2.9522857069969177e-01
5.1866660156250000e+03	2.9503133893013000e-01
5.1871713867187500e+03	2.9481726884841919e-01
5.1876767578125000e+03	2.9458728432655334e-01
5.1881821289062500e+03	2.9434227943420410e-01
5.1886875000000000e+03	2.9408317804336548e-01
5.1891928710937500e+03	2.9381081461906433e-01
5.1896982421875000e+03	2.9352605342864990e-01
5.1902041015625000e+03	2.9322978854179382e-01
5.1907094726562500e+03	2.9292276501655579e-01
5.1912153320312500e+03	2.9260581731796265e-01
5.1917211914062500e+03	2.9227963089942932e-01
5.1922265625000000e+03	2.9194495081901550e-01
5.1927324218750000e+03	2.9160243272781372e-01
5.1932382812500000e+03	2.9125273227691650e-01
5.1937446289062500e+03	2.9089635610580444e-01
5.1942504882812500e+03	2.9053387045860291e-01
5.1947563476562500e+03	2.9016581177711487e-01
5.1952622070312500e+03	2.8979256749153137e-01
5.1957685546875000e+03	2.8941452503204346e-01
5.1962749023437500e+03	2.8903210163116455e-01
5.1967807617187500e+03	2.8864550590515137e-01
5.1972871093750000e+03	2.8825512528419495e-01
5.1977934570312500e+03	2.8786113858222961e-01
5.1982998046875000e+03	2.8746375441551208e-01
5.1988061523437500e+03	2.8706318140029907e-01
5.1993125000000000e+03	2.8665953874588013e-01
5.1998193359375000e+03	2.8625300526618958e-01
5.2003256835937500e+03	2.8584370017051697e-01
5.2008325195312500e+03	2.8543168306350708e-01
5.2013388671875000e+03	2.8501713275909424e-01
5.2018457031250000e+03	2.8460007905960083e-01
5.2023525390625000e+03	2.8418070077896118e-01
5.2028593750000000e+03	2.8375908732414246e-01
5.2033662109375000e+03	2.8333535790443420e-01
5.2038730468750000e+03	2.8290969133377075e-01
5.2043798828125000e+03	2.8248223662376404e-01
5.2048872070312500e+03	2.8205323219299316e-01
5.2053940429687500e+03	2.8162282705307007e-01
5.2059013671875000e+03	2.8119134902954102e-01
5.2064082031250000e+03	2.8075906634330750e-01
5.2069155273437500e+03	2.8032630681991577e-01
5.2074228515625000e+03	2.7989345788955688e-01
5.2079301757812500e+03	2.7946093678474426e-01
5.2084375000000000e+03	2.7902913093566895e-01
5.2089448242187500e+03	2.7859860658645630e-01
5.2094521484375000e+03	2.7816984057426453e-01
5.2099599609375000e+03	2.7774345874786377e-01
5.2104672851562500e+03	2.7731999754905701e-01
5.2109750976562500e+03	2.7690017223358154e-01
5.2114824218750000e+03	2.7648457884788513e-01
5.2119902343750000e+03	2.7607405185699463e-01
5.2124980468750000e+03	2.7566921710968018e-01
5.2130058593750000e+03	2.7527087926864624e-01
5.2135136718750000e+03	2.7487981319427490e-01
5.2140214843750000e+03	2.7449682354927063e-01
5.2145292968750000e+03	2.7412277460098267e-01
5.2150375976562500e+03	2.7375838160514832e-01
5.2155454101562500e+03	2.7340456843376160e-01
5.2160537109375000e+03	2.7306205034255981e-01
5.2165615234375000e+03	2.7273172140121460e-01
5.2170698242187500e+03	2.7241432666778564e-01
5.2175781250000000e+03	2.7211064100265503e-01
5.2180864257812500e+03	2.7182137966156006e-01
5.2185947265625000e+03	2.7154728770256042e-01
5.2191030273437500e+03	2.7128908038139343e-01
5.2196113281250000e+03	2.7104726433753967e-01
5.2201201171875000e+03	2.7082255482673645e-01
5.2206284179687500e+03	2.7061545848846436e-01
5.2211372070312500e+03	2.7042633295059204e-01
5.2216459960937500e+03	2.7025574445724487e-01
5.2221542968750000e+03	2.7010393142700195e-01
5.2226630859375000e+03	2.6997122168540955e-01
5.2231718750000000e+03	2.6985782384872437e-01
5.2236806640625000e+03	2.6976382732391357e-01
5.2241899414062500e+03	2.6968935132026672e-01
5.2246987304687500e+03	2.6963430643081665e-01
5.2252075195312500e+03	2.6959857344627380e-01
5.2257167968750000e+03	2.6958203315734863e-01
5.2262255859375000e+03	2.6958438754081726e-01
5.2267348632812500e+03	2.6960527896881104e-01
5.2272441406250000e+03	2.6964423060417175e-01
5.2277534179687500e+03	2.6970082521438599e-01
5.2282626953125000e+03	2.6977440714836121e-01
5.2287719726562500e+03	2.6986443996429443e-01
5.2292812500000000e+03	2.6997002959251404e-01
5.2297905273437500e+03	2.7009046077728271e-01
5.2303002929687500e+03	2.7022486925125122e-01
5.2308095703125000e+03	2.7037233114242554e-01
5.2313193359375000e+03	2.7053189277648926e-01
5.2318291015625000e+03	2.7070254087448120e-01
5.2323383789062500e+03	2.7088320255279541e-01
5.2328481445312500e+03	2.7107277512550354e-01
5.2333579101562500e+03	2.7127009630203247e-01
5.2338676757812500e+03	2.7147412300109863e-01
5.2343779296875000e+03	2.7168360352516174e-01
5.2348876953125000e+03	2.7189737558364868e-01
5.2353974609375000e+03	2.7211433649063110e-01
5.2359077148437500e+03	2.7233317494392395e-01
5.2364179687500000e+03	2.7255290746688843e-01
5.2369277343750000e+03	2.7277231216430664e-01
5.2374379882812500e+03	2.7299022674560547e-01
5.2379482421875000e+03	2.7320569753646851e-01
5.2384584960937500e+03	2.7341759204864502e-01
5.2389687500000000e+03	2.7362498641014099e-01
5.2394790039062500e+03	2.7382692694664001e-01
5.2399897460937500e+03	2.7402254939079285e-01
5.2405000000000000e+03	2.7421101927757263e-01
5.2410107421875000e+03	2.7439168095588684e-01
5.2415209960937500e+03	2.7456375956535339e-01
5.2420317382812500e+03	2.7472677826881409e-01
5.2425424804687500e+03	2.7488017082214355e-01
5.2430532226562500e+03	2.7502357959747314e-01
5.2435639648437500e+03	2.7515658736228943e-01
5.2440747070312500e+03	2.7527901530265808e-01
5.2445854492187500e+03	2.7539071440696716e-01
5.2450966796875000e+03	2.7549162507057190e-01
5.2456074218750000e+03	2.7558171749114990e-01
5.2461186523437500e+03	2.7566117048263550e-01
5.2466298828125000e+03	2.7573016285896301e-01
5.2471406250000000e+03	2.7578902244567871e-01
5.2476518554687500e+03	2.7583804726600647e-01
5.2481630859375000e+03	2.7587774395942688e-01
5.2486743164062500e+03	2.7590864896774292e-01
5.2491855468750000e+03	2.7593123912811279e-01
5.2496972656250000e+03	2.7594631910324097e-01
5.2502084960937500e+03	2.7595451474189758e-01
5.2507202148437500e+03	2.7595663070678711e-01
5.2512314453125000e+03	2.7595344185829163e-01
5.2517431640625000e+03	2.7594587206840515e-01
5.2522548828125000e+03	2.7593481540679932e-01
5.2527661132812500e+03	2.7592113614082336e-01
5.2532778320312500e+03	2.7590581774711609e-01
5.2537900390625000e+03	2.7588978409767151e-01
5.2543017578125000e+03	2.7587401866912842e-01
5.2548134765625000e+03	2.7585950493812561e-01
5.2553251953125000e+03	2.7584713697433472e-01
5.2558374023437500e+03	2.7583789825439453e-01
5.2563496093750000e+03	2.7583268284797668e-01
5.2568613281250000e+03	2.7583238482475281e-01
5.2573735351562500e+03	2.7583786845207214e-01
5.2578857421875000e+03	2.7584993839263916e-01
5.2583979492187500e+03	2.7586930990219116e-01
5.2589101562500000e+03	2.7589672803878784e-01
5.2594223632812500e+03	2.7593287825584412e-01
5.2599350585937500e+03	2.7597826719284058e-01
5.2604472656250000e+03	2.7603352069854736e-01
5.2609599609375000e+03	2.7609896659851074e-01
5.2614721679687500e+03	2.7617508172988892e-01
5.2619848632812500e+03	2.7626213431358337e-01
5.2624975585937500e+03	2.7636030316352844e-01
5.2630102539062500e+03	2.7646982669830322e-01
5.2635229492187500e+03	2.7659064531326294e-01
5.2640356445312500e+03	2.7672281861305237e-01
5.2645483398437500e+03	2.7686616778373718e-01
5.2650610351562500e+03	2.7702051401138306e-01
5.2655742187500000e+03	2.7718558907508850e-01
5.2660869140625000e+03	2.7736100554466248e-01
5.2666000976562500e+03	2.7754634618759155e-01
5.2671132812500000e+03	2.7774107456207275e-01
5.2676264648437500e+03	2.7794456481933594e-01
5.2681396484375000e+03	2.7815616130828857e-01
5.2686528320312500e+03	2.7837517857551575e-01
5.2691660156250000e+03	2.7860066294670105e-01
5.2696791992187500e+03	2.7883180975914001e-01
5.2701928710937500e+03	2.7906766533851624e-01
5.2707060546875000e+03	2.7930724620819092e-01
5.2712197265625000e+03	2.7954950928688049e-01
5.2717329101562500e+03	2.7979335188865662e-01
5.2722465820312500e+03	2.8003767132759094e-01
5.2727602539062500e+03	2.8028124570846558e-01
5.2732739257812500e+03	2.8052300214767456e-01
5.2737875976562500e+03	2.8076162934303284e-01
5.2743012695312500e+03	2.8099590539932251e-01
5.2748149414062500e+03	2.8122466802597046e-01
5.2753291015625000e+03	2.8144666552543640e-01
5.2758427734375000e+03	2.8166064620018005e-01
5.2763569335937500e+03	2.8186544775962830e-01
5.2768710937500000e+03	2.8205978870391846e-01
5.2773847656250000e+03	2.8224262595176697e-01
5.2778989257812500e+03	2.8241273760795593e-01
5.2784130859375000e+03	2.8256905078887939e-01
5.2789272460937500e+03	2.8271058201789856e-01
5.2794418945312500e+03	2.8283625841140747e-01
5.2799560546875000e+03	2.8294521570205688e-01
5.2804702148437500e+03	2.8303655982017517e-01
5.2809848632812500e+03	2.8310951590538025e-01
5.2814995117187500e+03	2.8316336870193481e-01
5.2820136718750000e+03	2.8319749236106873e-01
5.2825283203125000e+03	2.8321132063865662e-01
5.2830429687500000e+03	2.8320437669754028e-01
5.2835576171875000e+03	2.8317636251449585e-01
5.2840722656250000e+03	2.8312703967094421e-01
5.2845869140625000e+03	2.8305622935295105e-01
5.2851020507812500e+03	2.8296387195587158e-01
5.2856166992187500e+03	2.8284999728202820e-01
5.2861318359375000e+03	2.8271481394767761e-01
5.2866464843750000e+03	2.8255861997604370e-01
5.2871616210937500e+03	2.8238171339035034e-01
5.2876767578125000e+03	2.8218463063240051e-01
5.2881918945312500e+03	2.8196799755096436e-01
5.2887070312500000e+03	2.8173246979713440e-01
5.2892221679687500e+03	2.8147882223129272e-01
5.2897373046875000e+03	2.8120803833007812e-01
5.2902529296875000e+03	2.8092107176780701e-01
5.2907680664062500e+03	2.8061899542808533e-01
5.2912836914062500e+03	2.8030300140380859e-01
5.2917993164062500e+03	2.7997434139251709e-01
5.2923144531250000e+03	2.7963435649871826e-01
5.2928300781250000e+03	2.7928438782691956e-01
5.2933457031250000e+03	2.7892592549324036e-01
5.2938613281250000e+03	2.7856051921844482e-01
5.2943769531250000e+03	2.7818962931632996e-01
5.2948930664062500e+03	2.7781492471694946e-01
5.2954086914062500e+03	2.7743798494338989e-01
5.2959248046875000e+03	2.7706044912338257e-01
5.2964404296875000e+03	2.7668395638465881e-01
5.2969565429687500e+03	2.7631017565727234e-01
5.2974726562500000e+03	2.7594077587127686e-01
5.2979887695312500e+03	2.7557727694511414e-01
5.2985048828125000e+03	2.7522140741348267e-01
5.2990209960937500e+03	2.7487462759017944e-01
5.2995371093750000e+03	2.7453854680061340e-01
5.3000532226562500e+03	2.7421450614929199e-01
5.3005698242187500e+03	2.7390399575233459e-01
5.3010859375000000e+03	2.7360832691192627e-01
5.3016025390625000e+03	2.7332875132560730e-01
5.3021191406250000e+03	2.7306649088859558e-01
5.3026357421875000e+03	2.7282249927520752e-01
5.3031523437500000e+03	2.7259778976440430e-01
5.3036689453125000e+03	2.7239331603050232e-01
5.3041855468750000e+03	2.7220973372459412e-01
5.3047021484375000e+03	2.7204775810241699e-01
5.3052187500000000e+03	2.7190786600112915e-01
5.3057358398437500e+03	2.7179041504859924e-01
5.3062524414062500e+03	2.7169576287269592e-01
5.3067695312500000e+03	2.7162399888038635e-01
5.3072866210937500e+03	2.7157515287399292e-01
5.3078037109375000e+03	2.7154910564422607e-01
5.3083208007812500e+03	2.7154552936553955e-01
5.3088378906250000e+03	2.7156415581703186e-01
5.3093549804687500e+03	2.7160444855690002e-01
5.3098720703125000e+03	2.7166566252708435e-01
5.3103896484375000e+03	2.7174720168113708e-01
5.3109067382812500e+03	2.7184805274009705e-01
5.3114243164062500e+03	2.7196729183197021e-01
5.3119414062500000e+03	2.7210378646850586e-01
5.3124589843750000e+03	2.7225637435913086e-01
5.3129765625000000e+03	2.7242371439933777e-01
5.3134941406250000e+03	2.7260440587997437e-01
5.3140117187500000e+03	2.7279704809188843e-01
5.3145292968750000e+03	2.7300003170967102e-01
5.3150473632812500e+03	2.7321177721023560e-01
5.3155649414062500e+03	2.7343058586120605e-01
5.3160830078125000e+03	2.7365475893020630e-01
5.3166005859375000e+03	2.7388256788253784e-01
5.3171186523437500e+03	2.7411222457885742e-01
5.3176367187500000e+03	2.7434194087982178e-01
5.3181547851562500e+03	2.7456995844841003e-01
5.3186728515625000e+03	2.7479442954063416e-01
5.3191909179687500e+03	2.7501356601715088e-01
5.3197089843750000e+03	2.7522569894790649e-01
5.3202270507812500e+03	2.7542901039123535e-01
5.3207456054687500e+03	2.7562189102172852e-01
5.3212636718750000e+03	2.7580270171165466e-01
5.3217822265625000e+03	2.7596986293792725e-01
5.3223007812500000e+03	2.7612191438674927e-01
5.3228193359375000e+03	2.7625742554664612e-01
5.3233378906250000e+03	2.7637502551078796e-01
5.3238564453125000e+03	2.7647352218627930e-01
5.3243750000000000e+03	2.7655175328254700e-01
5.3248935546875000e+03	2.7660870552062988e-01
5.3254125976562500e+03	2.7664345502853394e-01
5.3259311523437500e+03	2.7665516734123230e-01
5.3264501953125000e+03	2.7664315700531006e-01
5.3269687500000000e+03	2.7660682797431946e-01
5.3274877929687500e+03	2.7654570341110229e-01
5.3280068359375000e+03	2.7645948529243469e-01
5.3285258789062500e+03	2.7634787559509277e-01
5.3290449218750000e+03	2.7621090412139893e-01
5.3295639648437500e+03	2.7604845166206360e-01
5.3300834960937500e+03	2.7586075663566589e-01
5.3306025390625000e+03	2.7564802765846252e-01
5.3311220703125000e+03	2.7541062235832214e-01
5.3316411132812500e+03	2.7514901757240295e-01
5.3321606445312500e+03	2.7486380934715271e-01
5.3326801757812500e+03	2.7455565333366394e-01
5.3331997070312500e+03	2.7422535419464111e-01
5.3337192382812500e+03	2.7387368679046631e-01
5.3342387695312500e+03	2.7350166440010071e-01
5.3347583007812500e+03	2.7311027050018311e-01
5.3352783203125000e+03	2.7270060777664185e-01
5.3357978515625000e+03	2.7227377891540527e-01
5.3363178710937500e+03	2.7183100581169128e-01
5.3368374023437500e+03	2.7137351036071777e-01
5.3373574218750000e+03	2.7090260386466980e-01
5.3378774414062500e+03	2.7041956782341003e-01
5.3383974609375000e+03	2.6992583274841309e-01
5.3389174804687500e+03	2.6942265033721924e-01
5.3394375000000000e+03	2.6891145110130310e-01
5.3399575195312500e+03	2.6839360594749451e-01
5.3404780273437500e+03	2.6787048578262329e-01
5.3409980468750000e+03	2.6734352111816406e-01
5.3415185546875000e+03	2.6681396365165710e-01
5.3420390625000000e+03	2.6628327369689941e-01
5.3425590820312500e+03	2.6575267314910889e-01
5.3430795898437500e+03	2.6522347331047058e-01
5.3436000976562500e+03	2.6469692587852478e-01
5.3441206054687500e+03	2.6417422294616699e-01
5.3446416015625000e+03	2.6365655660629272e-01
5.3451621093750000e+03	2.6314505934715271e-01
5.3456826171875000e+03	2.6264074444770813e-01
5.3462036132812500e+03	2.6214465498924255e-01
5.3467246093750000e+03	2.6165777444839478e-01
5.3472451171875000e+03	2.6118090748786926e-01
5.3477661132812500e+03	2.6071497797966003e-01
5.3482871093750000e+03	2.6026073098182678e-01
5.3488081054687500e+03	2.5981882214546204e-01
5.3493291015625000e+03	2.5938993692398071e-01
5.3498505859375000e+03	2.5897461175918579e-01
5.3503715820312500e+03	2.5857332348823547e-01
5.3508925781250000e+03	2.5818654894828796e-01
5.3514140625000000e+03	2.5781458616256714e-01
5.3519355468750000e+03	2.5745773315429688e-01
5.3524565429687500e+03	2.5711616873741150e-01
5.3529780273437500e+03	2.5679010152816772e-01
5.3534995117187500e+03	2.5647953152656555e-01
5.3540209960937500e+03	2.5618445873260498e-01
5.3545429687500000e+03	2.5590482354164124e-01
5.3550644531250000e+03	2.5564056634902954e-01
5.3555859375000000e+03	2.5539135932922363e-01
5.3561079101562500e+03	2.5515702366828918e-01
5.3566293945312500e+03	2.5493720173835754e-01
5.3571513671875000e+03	2.5473147630691528e-01
5.3576733398437500e+03	2.5453940033912659e-01
5.3581953125000000e+03	2.5436055660247803e-01
5.3587172851562500e+03	2.5419434905052185e-01
5.3592392578125000e+03	2.5404015183448792e-01
5.3597612304687500e+03	2.5389736890792847e-01
5.3602836914062500e+03	2.5376528501510620e-01
5.3608056640625000e+03	2.5364318490028381e-01
5.3613281250000000e+03	2.5353035330772400e-01
5.3618500976562500e+03	2.5342592597007751e-01
5.3623725585937500e+03	2.5332918763160706e-01
5.3628950195312500e+03	2.5323927402496338e-01
5.3634174804687500e+03	2.5315529108047485e-01
5.3639399414062500e+03	2.5307643413543701e-01
5.3644624023437500e+03	2.5300186872482300e-01
5.3649848632812500e+03	2.5293064117431641e-01
5.3655078125000000e+03	2.5286194682121277e-01
5.3660302734375000e+03	2.5279495120048523e-01
5.3665532226562500e+03	2.5272873044013977e-01
5.3670756835937500e+03	2.5266250967979431e-01
5.3675986328125000e+03	2.5259545445442200e-01
5.3681215820312500e+03	2.5252681970596313e-01
5.3686445312500000e+03	2.5245577096939087e-01
5.3691674804687500e+03	2.5238162279129028e-01
5.3696904296875000e+03	2.5230371952056885e-01
5.3702138671875000e+03	2.5222131609916687e-01
5.3707368164062500e+03	2.5213390588760376e-01
5.3712602539062500e+03	2.5204086303710938e-01
5.3717832031250000e+03	2.5194168090820312e-01
5.3723066406250000e+03	2.5183588266372681e-01
5.3728300781250000e+03	2.5172305107116699e-01
5.3733535156250000e+03	2.5160285830497742e-01
5.3738769531250000e+03	2.5147494673728943e-01
5.3744003906250000e+03	2.5133910775184631e-01
5.3749238281250000e+03	2.5119513273239136e-01
5.3754477539062500e+03	2.5104287266731262e-01
5.3759711914062500e+03	2.5088220834732056e-01
5.3764951171875000e+03	2.5071319937705994e-01
5.3770185546875000e+03	2.5053581595420837e-01
5.3775424804687500e+03	2.5035014748573303e-01
5.3780664062500000e+03	2.5015634298324585e-01
5.3785903320312500e+03	2.4995456635951996e-01
5.3791142578125000e+03	2.4974505603313446e-01
5.3796381835937500e+03	2.4952809512615204e-01
5.3801625976562500e+03	2.4930404126644135e-01
5.3806865234375000e+03	2.4907317757606506e-01
5.3812109375000000e+03	2.4883601069450378e-01
5.3817348632812500e+03	2.4859289824962616e-01
5.3822592773437500e+03	2.4834436178207397e-01
5.3827836914062500e+03	2.4809092283248901e-01
5.3833081054687500e+03	2.4783307313919067e-01
5.3838325195312500e+03	2.4757136404514313e-01
5.3843569335937500e+03	2.4730639159679413e-01
5.3848813476562500e+03	2.4703878164291382e-01
5.3854062500000000e+03	2.4676902592182159e-01
5.3859306640625000e+03	2.4649786949157715e-01
5.3864555664062500e+03	2.4622583389282227e-01
5.3869799804687500e+03	2.4595358967781067e-01
5.3875048828125000e+03	2.4568177759647369e-01
5.3880297851562500e+03	2.4541102349758148e-01
5.3885546875000000e+03	2.4514189362525940e-01
5.3890795898437500e+03	2.4487504363059998e-01
5.3896044921875000e+03	2.4461105465888977e-01
5.3901293945312500e+03	2.4435056746006012e-01
5.3906547851562500e+03	2.4409411847591400e-01
5.3911796875000000e+03	2.4384225904941559e-01
5.3917050781250000e+03	2.4359552562236786e-01
5.3922304687500000e+03	2.4335448443889618e-01
5.3927553710937500e+03	2.4311959743499756e-01
5.3932807617187500e+03	2.4289131164550781e-01
5.3938061523437500e+03	2.4267014861106873e-01
5.3943320312500000e+03	2.4245651066303253e-01
5.3948574218750000e+03	2.4225075542926788e-01
5.3953828125000000e+03	2.4205327033996582e-01
5.3959086914062500e+03	2.4186441302299500e-01
5.3964340820312500e+03	2.4168449640274048e-01
5.3969599609375000e+03	2.4151378870010376e-01
5.3974853515625000e+03	2.4135252833366394e-01
5.3980112304687500e+03	2.4120093882083893e-01
5.3985371093750000e+03	2.4105922877788544e-01
5.3990629882812500e+03	2.4092756211757660e-01
5.3995893554687500e+03	2.4080605804920197e-01
5.4001152343750000e+03	2.4069477617740631e-01
5.4006411132812500e+03	2.4059383571147919e-01
5.4011674804687500e+03	2.4050325155258179e-01
5.4016933593750000e+03	2.4042302370071411e-01
5.4022197265625000e+03	2.4035316705703735e-01
5.4027460937500000e+03	2.4029356241226196e-01
5.4032724609375000e+03	2.4024416506290436e-01
5.4037988281250000e+03	2.4020485579967499e-01
5.4043251953125000e+03	2.4017553031444550e-01
5.4048515625000000e+03	2.4015597999095917e-01
5.4053784179687500e+03	2.4014607071876526e-01
5.4059047851562500e+03	2.4014551937580109e-01
5.4064311523437500e+03	2.4015416204929352e-01
5.4069580078125000e+03	2.4017164111137390e-01
5.4074848632812500e+03	2.4019774794578552e-01
5.4080117187500000e+03	2.4023213982582092e-01
5.4085385742187500e+03	2.4027454853057861e-01
5.4090654296875000e+03	2.4032451212406158e-01
5.4095922851562500e+03	2.4038177728652954e-01
5.4101191406250000e+03	2.4044589698314667e-01
5.4106464843750000e+03	2.4051649868488312e-01
5.4111733398437500e+03	2.4059316515922546e-01
5.4117006835937500e+03	2.4067543447017670e-01
5.4122275390625000e+03	2.4076290428638458e-01
5.4127548828125000e+03	2.4085506796836853e-01
5.4132822265625000e+03	2.4095149338245392e-01
5.4138095703125000e+03	2.4105171859264374e-01
5.4143369140625000e+03	2.4115523695945740e-01
5.4148647460937500e+03	2.4126154184341431e-01
