4.5047910156250000e+03	4.1378855705261230e-01
4.5052299804687500e+03	4.1392177343368530e-01
4.5056689453125000e+03	4.1405349969863892e-01
4.5061079101562500e+03	4.1418352723121643e-01
4.5065468750000000e+03	4.1431200504302979e-01
4.5069858398437500e+03	4.1443914175033569e-01
4.5074248046875000e+03	4.1456517577171326e-01
4.5078637695312500e+03	4.1469052433967590e-01
4.5083032226562500e+03	4.1481554508209229e-01
4.5087421875000000e+03	4.1494077444076538e-01
4.5091816406250000e+03	4.1506677865982056e-01
4.5096206054687500e+03	4.1519415378570557e-01
4.5100600585937500e+03	4.1532358527183533e-01
4.5104995117187500e+03	4.1545572876930237e-01
4.5109389648437500e+03	4.1559138894081116e-01
4.5113784179687500e+03	4.1573131084442139e-01
4.5118178710937500e+03	4.1587623953819275e-01
4.5122573242187500e+03	4.1602700948715210e-01
4.5126967773437500e+03	4.1618439555168152e-01
4.5131367187500000e+03	4.1634902358055115e-01
4.5135761718750000e+03	4.1652175784111023e-01
4.5140161132812500e+03	4.1670313477516174e-01
4.5144555664062500e+03	4.1689386963844299e-01
4.5148955078125000e+03	4.1709443926811218e-01
4.5153354492187500e+03	4.1730538010597229e-01
4.5157753906250000e+03	4.1752707958221436e-01
4.5162153320312500e+03	4.1775983572006226e-01
4.5166552734375000e+03	4.1800388693809509e-01
4.5170952148437500e+03	4.1825926303863525e-01
4.5175351562500000e+03	4.1852608323097229e-01
4.5179750976562500e+03	4.1880413889884949e-01
4.5184155273437500e+03	4.1909331083297729e-01
4.5188554687500000e+03	4.1939321160316467e-01
4.5192958984375000e+03	4.1970336437225342e-01
4.5197358398437500e+03	4.2002326250076294e-01
4.5201762695312500e+03	4.2035222053527832e-01
4.5206166992187500e+03	4.2068940401077271e-01
4.5210571289062500e+03	4.2103397846221924e-01
4.5214975585937500e+03	4.2138487100601196e-01
4.5219379882812500e+03	4.2174106836318970e-01
4.5223784179687500e+03	4.2210134863853455e-01
4.5228188476562500e+03	4.2246440052986145e-01
4.5232597656250000e+03	4.2282897233963013e-01
4.5237001953125000e+03	4.2319354414939880e-01
4.5241411132812500e+03	4.2355671525001526e-01
4.5245815429687500e+03	4.2391693592071533e-01
4.5250224609375000e+03	4.2427271604537964e-01
4.5254633789062500e+03	4.2462238669395447e-01
4.5259042968750000e+03	4.2496442794799805e-01
4.5263452148437500e+03	4.2529717087745667e-01
4.5267861328125000e+03	4.2561909556388855e-01
4.5272270507812500e+03	4.2592862248420715e-01
4.5276679687500000e+03	4.2622420191764832e-01
4.5281088867187500e+03	4.2650428414344788e-01
4.5285502929687500e+03	4.2676752805709839e-01
4.5289912109375000e+03	4.2701250314712524e-01
4.5294326171875000e+03	4.2723786830902100e-01
4.5298740234375000e+03	4.2744252085685730e-01
4.5303149414062500e+03	4.2762526869773865e-01
4.5307563476562500e+03	4.2778515815734863e-01
4.5311977539062500e+03	4.2792117595672607e-01
4.5316391601562500e+03	4.2803263664245605e-01
4.5320805664062500e+03	4.2811894416809082e-01
4.5325224609375000e+03	4.2817953228950500e-01
4.5329638671875000e+03	4.2821404337882996e-01
4.5334052734375000e+03	4.2822223901748657e-01
4.5338471679687500e+03	4.2820408940315247e-01
4.5342885742187500e+03	4.2815959453582764e-01
4.5347304687500000e+03	4.2808908224105835e-01
4.5351723632812500e+03	4.2799288034439087e-01
4.5356137695312500e+03	4.2787146568298340e-01
4.5360556640625000e+03	4.2772555351257324e-01
4.5364975585937500e+03	4.2755597829818726e-01
4.5369394531250000e+03	4.2736372351646423e-01
4.5373818359375000e+03	4.2714983224868774e-01
4.5378237304687500e+03	4.2691546678543091e-01
4.5382656250000000e+03	4.2666202783584595e-01
4.5387080078125000e+03	4.2639097571372986e-01
4.5391499023437500e+03	4.2610386013984680e-01
4.5395922851562500e+03	4.2580223083496094e-01
4.5400346679687500e+03	4.2548781633377075e-01
4.5404765625000000e+03	4.2516252398490906e-01
4.5409189453125000e+03	4.2482805252075195e-01
4.5413613281250000e+03	4.2448633909225464e-01
4.5418037109375000e+03	4.2413932085037231e-01
4.5422460937500000e+03	4.2378887534141541e-01
4.5426889648437500e+03	4.2343702912330627e-01
4.5431313476562500e+03	4.2308565974235535e-01
4.5435737304687500e+03	4.2273673415184021e-01
4.5440166015625000e+03	4.2239210009574890e-01
4.5444589843750000e+03	4.2205366492271423e-01
4.5449018554687500e+03	4.2172324657440186e-01
4.5453447265625000e+03	4.2140257358551025e-01
4.5457875976562500e+03	4.2109325528144836e-01
4.5462304687500000e+03	4.2079704999923706e-01
4.5466733398437500e+03	4.2051535844802856e-01
4.5471162109375000e+03	4.2024958133697510e-01
4.5475590820312500e+03	4.2000114917755127e-01
4.5480019531250000e+03	4.1977116465568542e-01
4.5484453125000000e+03	4.1956073045730591e-01
4.5488881835937500e+03	4.1937085986137390e-01
4.5493315429687500e+03	4.1920232772827148e-01
4.5497744140625000e+03	4.1905593872070312e-01
4.5502177734375000e+03	4.1893219947814941e-01
4.5506611328125000e+03	4.1883158683776855e-01
4.5511044921875000e+03	4.1875445842742920e-01
4.5515478515625000e+03	4.1870093345642090e-01
4.5519912109375000e+03	4.1867107152938843e-01
4.5524345703125000e+03	4.1866481304168701e-01
4.5528779296875000e+03	4.1868185997009277e-01
4.5533217773437500e+03	4.1872194409370422e-01
4.5537651367187500e+03	4.1878449916839600e-01
4.5542089843750000e+03	4.1886892914772034e-01
4.5546523437500000e+03	4.1897448897361755e-01
4.5550961914062500e+03	4.1910028457641602e-01
4.5555400390625000e+03	4.1924533247947693e-01
4.5559838867187500e+03	4.1940861940383911e-01
4.5564277343750000e+03	4.1958883404731750e-01
4.5568715820312500e+03	4.1978472471237183e-01
4.5573154296875000e+03	4.1999489068984985e-01
4.5577592773437500e+03	4.2021781206130981e-01
4.5582036132812500e+03	4.2045199871063232e-01
4.5586474609375000e+03	4.2069578170776367e-01
4.5590913085937500e+03	4.2094749212265015e-01
4.5595356445312500e+03	4.2120534181594849e-01
4.5599799804687500e+03	4.2146763205528259e-01
4.5604243164062500e+03	4.2173245549201965e-01
4.5608681640625000e+03	4.2199811339378357e-01
4.5613125000000000e+03	4.2226266860961914e-01
4.5617568359375000e+03	4.2252430319786072e-01
4.5622011718750000e+03	4.2278122901916504e-01
4.5626459960937500e+03	4.2303168773651123e-01
4.5630903320312500e+03	4.2327386140823364e-01
4.5635346679687500e+03	4.2350614070892334e-01
4.5639794921875000e+03	4.2372682690620422e-01
4.5644238281250000e+03	4.2393440008163452e-01
4.5648686523437500e+03	4.2412734031677246e-01
4.5653134765625000e+03	4.2430433630943298e-01
4.5657583007812500e+03	4.2446410655975342e-01
4.5662031250000000e+03	4.2460545897483826e-01
4.5666479492187500e+03	4.2472743988037109e-01
4.5670927734375000e+03	4.2482912540435791e-01
4.5675375976562500e+03	4.2490974068641663e-01
4.5679824218750000e+03	4.2496874928474426e-01
4.5684277343750000e+03	4.2500570416450500e-01
4.5688725585937500e+03	4.2502024769783020e-01
4.5693178710937500e+03	4.2501226067543030e-01
4.5697626953125000e+03	4.2498189210891724e-01
4.5702080078125000e+03	4.2492920160293579e-01
4.5706533203125000e+03	4.2485460638999939e-01
4.5710986328125000e+03	4.2475864291191101e-01
4.5715439453125000e+03	4.2464190721511841e-01
4.5719892578125000e+03	4.2450529336929321e-01
4.5724345703125000e+03	4.2434972524642944e-01
4.5728798828125000e+03	4.2417630553245544e-01
4.5733256835937500e+03	4.2398634552955627e-01
4.5737709960937500e+03	4.2378109693527222e-01
4.5742163085937500e+03	4.2356204986572266e-01
4.5746621093750000e+03	4.2333081364631653e-01
4.5751079101562500e+03	4.2308899760246277e-01
4.5755537109375000e+03	4.2283836007118225e-01
4.5759990234375000e+03	4.2258065938949585e-01
4.5764448242187500e+03	4.2231771349906921e-01
4.5768906250000000e+03	4.2205142974853516e-01
4.5773369140625000e+03	4.2178365588188171e-01
4.5777827148437500e+03	4.2151632905006409e-01
4.5782285156250000e+03	4.2125129699707031e-01
4.5786748046875000e+03	4.2099034786224365e-01
4.5791206054687500e+03	4.2073538899421692e-01
4.5795668945312500e+03	4.2048811912536621e-01
4.5800126953125000e+03	4.2025023698806763e-01
4.5804589843750000e+03	4.2002329230308533e-01
4.5809052734375000e+03	4.1980883479118347e-01
4.5813515625000000e+03	4.1960826516151428e-01
4.5817978515625000e+03	4.1942280530929565e-01
4.5822441406250000e+03	4.1925364732742310e-01
4.5826904296875000e+03	4.1910174489021301e-01
4.5831372070312500e+03	4.1896793246269226e-01
4.5835834960937500e+03	4.1885292530059814e-01
4.5840302734375000e+03	4.1875723004341125e-01
4.5844765625000000e+03	4.1868123412132263e-01
4.5849233398437500e+03	4.1862505674362183e-01
4.5853696289062500e+03	4.1858869791030884e-01
4.5858164062500000e+03	4.1857194900512695e-01
4.5862631835937500e+03	4.1857454180717468e-01
4.5867099609375000e+03	4.1859576106071472e-01
4.5871567382812500e+03	4.1863504052162170e-01
4.5876040039062500e+03	4.1869130730628967e-01
4.5880507812500000e+03	4.1876366734504700e-01
4.5884975585937500e+03	4.1885074973106384e-01
4.5889448242187500e+03	4.1895124316215515e-01
4.5893916015625000e+03	4.1906356811523438e-01
4.5898388671875000e+03	4.1918605566024780e-01
4.5902861328125000e+03	4.1931694746017456e-01
4.5907329101562500e+03	4.1945427656173706e-01
4.5911801757812500e+03	4.1959613561630249e-01
4.5916274414062500e+03	4.1974031925201416e-01
4.5920747070312500e+03	4.1988483071327209e-01
4.5925224609375000e+03	4.2002734541893005e-01
4.5929697265625000e+03	4.2016565799713135e-01
4.5934169921875000e+03	4.2029765248298645e-01
4.5938647460937500e+03	4.2042094469070435e-01
4.5943120117187500e+03	4.2053335905075073e-01
4.5947597656250000e+03	4.2063271999359131e-01
4.5952075195312500e+03	4.2071694135665894e-01
4.5956547851562500e+03	4.2078399658203125e-01
4.5961025390625000e+03	4.2083185911178589e-01
4.5965502929687500e+03	4.2085874080657959e-01
4.5969980468750000e+03	4.2086294293403625e-01
4.5974458007812500e+03	4.2084282636642456e-01
4.5978940429687500e+03	4.2079702019691467e-01
4.5983417968750000e+03	4.2072424292564392e-01
4.5987895507812500e+03	4.2062342166900635e-01
4.5992377929687500e+03	4.2049363255500793e-01
4.5996860351562500e+03	4.2033421993255615e-01
4.6001337890625000e+03	4.2014461755752563e-01
4.6005820312500000e+03	4.1992452740669250e-01
4.6010302734375000e+03	4.1967388987541199e-01
4.6014785156250000e+03	4.1939279437065125e-01
4.6019267578125000e+03	4.1908159852027893e-01
4.6023750000000000e+03	4.1874080896377563e-01
4.6028232421875000e+03	4.1837108135223389e-01
4.6032719726562500e+03	4.1797345876693726e-01
4.6037202148437500e+03	4.1754895448684692e-01
4.6041689453125000e+03	4.1709899902343750e-01
4.6046171875000000e+03	4.1662490367889404e-01
4.6050659179687500e+03	4.1612839698791504e-01
4.6055146484375000e+03	4.1561123728752136e-01
4.6059628906250000e+03	4.1507536172866821e-01
4.6064116210937500e+03	4.1452279686927795e-01
4.6068603515625000e+03	4.1395571827888489e-01
4.6073095703125000e+03	4.1337642073631287e-01
4.6077583007812500e+03	4.1278713941574097e-01
4.6082070312500000e+03	4.1219040751457214e-01
4.6086557617187500e+03	4.1158857941627502e-01
4.6091049804687500e+03	4.1098418831825256e-01
4.6095541992187500e+03	4.1037973761558533e-01
4.6100029296875000e+03	4.0977782011032104e-01
4.6104521484375000e+03	4.0918093919754028e-01
4.6109013671875000e+03	4.0859156847000122e-01
4.6113505859375000e+03	4.0801215171813965e-01
4.6117998046875000e+03	4.0744519233703613e-01
4.6122490234375000e+03	4.0689304471015930e-01
4.6126982421875000e+03	4.0635803341865540e-01
4.6131474609375000e+03	4.0584239363670349e-01
4.6135971679687500e+03	4.0534827113151550e-01
4.6140463867187500e+03	4.0487772226333618e-01
4.6144960937500000e+03	4.0443268418312073e-01
4.6149453125000000e+03	4.0401509404182434e-01
4.6153950195312500e+03	4.0362665057182312e-01
4.6158447265625000e+03	4.0326893329620361e-01
4.6162944335937500e+03	4.0294349193572998e-01
4.6167441406250000e+03	4.0265178680419922e-01
4.6171938476562500e+03	4.0239492058753967e-01
4.6176435546875000e+03	4.0217408537864685e-01
4.6180932617187500e+03	4.0199029445648193e-01
4.6185434570312500e+03	4.0184438228607178e-01
4.6189931640625000e+03	4.0173709392547607e-01
4.6194433593750000e+03	4.0166899561882019e-01
4.6198930664062500e+03	4.0164059400558472e-01
4.6203432617187500e+03	4.0165215730667114e-01
4.6207934570312500e+03	4.0170395374298096e-01
4.6212436523437500e+03	4.0179607272148132e-01
4.6216938476562500e+03	4.0192842483520508e-01
4.6221440429687500e+03	4.0210089087486267e-01
4.6225942382812500e+03	4.0231311321258545e-01
4.6230444335937500e+03	4.0256473422050476e-01
4.6234951171875000e+03	4.0285530686378479e-01
4.6239453125000000e+03	4.0318408608436584e-01
4.6243959960937500e+03	4.0355044603347778e-01
4.6248461914062500e+03	4.0395346283912659e-01
4.6252968750000000e+03	4.0439227223396301e-01
4.6257475585937500e+03	4.0486580133438110e-01
4.6261982421875000e+03	4.0537297725677490e-01
4.6266489257812500e+03	4.0591254830360413e-01
4.6270996093750000e+03	4.0648329257965088e-01
4.6275502929687500e+03	4.0708377957344055e-01
4.6280009765625000e+03	4.0771257877349854e-01
4.6284521484375000e+03	4.0836811065673828e-01
4.6289028320312500e+03	4.0904885530471802e-01
4.6293540039062500e+03	4.0975311398506165e-01
4.6298046875000000e+03	4.1047924757003784e-01
4.6302558593750000e+03	4.1122531890869141e-01
4.6307070312500000e+03	4.1198959946632385e-01
4.6311582031250000e+03	4.1277018189430237e-01
4.6316093750000000e+03	4.1356512904167175e-01
4.6320605468750000e+03	4.1437247395515442e-01
4.6325117187500000e+03	4.1519013047218323e-01
4.6329628906250000e+03	4.1601607203483582e-01
4.6334140625000000e+03	4.1684824228286743e-01
4.6338657226562500e+03	4.1768449544906616e-01
4.6343168945312500e+03	4.1852271556854248e-01
4.6347685546875000e+03	4.1936072707176208e-01
4.6352202148437500e+03	4.2019641399383545e-01
4.6356713867187500e+03	4.2102757096290588e-01
4.6361230468750000e+03	4.2185205221176147e-01
4.6365747070312500e+03	4.2266768217086792e-01
4.6370263671875000e+03	4.2347243428230286e-01
4.6374780273437500e+03	4.2426407337188721e-01
4.6379301757812500e+03	4.2504066228866577e-01
4.6383818359375000e+03	4.2580014467239380e-01
4.6388334960937500e+03	4.2654055356979370e-01
4.6392856445312500e+03	4.2725998163223267e-01
4.6397373046875000e+03	4.2795661091804504e-01
4.6401894531250000e+03	4.2862874269485474e-01
4.6406416015625000e+03	4.2927470803260803e-01
4.6410937500000000e+03	4.2989298701286316e-01
4.6415458984375000e+03	4.3048226833343506e-01
4.6419980468750000e+03	4.3104109168052673e-01
4.6424501953125000e+03	4.3156841397285461e-01
4.6429023437500000e+03	4.3206316232681274e-01
4.6433544921875000e+03	4.3252456188201904e-01
4.6438071289062500e+03	4.3295198678970337e-01
4.6442592773437500e+03	4.3334475159645081e-01
4.6447119140625000e+03	4.3370264768600464e-01
4.6451645507812500e+03	4.3402543663978577e-01
4.6456166992187500e+03	4.3431323766708374e-01
4.6460693359375000e+03	4.3456611037254333e-01
4.6465219726562500e+03	4.3478459119796753e-01
4.6469746093750000e+03	4.3496924638748169e-01
4.6474272460937500e+03	4.3512079119682312e-01
4.6478803710937500e+03	4.3524023890495300e-01
4.6483330078125000e+03	4.3532869219779968e-01
4.6487856445312500e+03	4.3538746237754822e-01
4.6492387695312500e+03	4.3541800975799561e-01
4.6496914062500000e+03	4.3542200326919556e-01
4.6501445312500000e+03	4.3540114164352417e-01
4.6505976562500000e+03	4.3535730242729187e-01
4.6510507812500000e+03	4.3529260158538818e-01
4.6515039062500000e+03	4.3520909547805786e-01
4.6519570312500000e+03	4.3510904908180237e-01
4.6524101562500000e+03	4.3499475717544556e-01
4.6528632812500000e+03	4.3486851453781128e-01
4.6533164062500000e+03	4.3473273515701294e-01
4.6537700195312500e+03	4.3458992242813110e-01
4.6542231445312500e+03	4.3444240093231201e-01
4.6546767578125000e+03	4.3429258465766907e-01
4.6551298828125000e+03	4.3414300680160522e-01
4.6555834960937500e+03	4.3399587273597717e-01
4.6560371093750000e+03	4.3385353684425354e-01
4.6564907226562500e+03	4.3371826410293579e-01
4.6569443359375000e+03	4.3359214067459106e-01
4.6573979492187500e+03	4.3347722291946411e-01
4.6578515625000000e+03	4.3337544798851013e-01
4.6583056640625000e+03	4.3328857421875000e-01
4.6587592773437500e+03	4.3321841955184937e-01
4.6592128906250000e+03	4.3316635489463806e-01
4.6596669921875000e+03	4.3313384056091309e-01
4.6601210937500000e+03	4.3312206864356995e-01
4.6605747070312500e+03	4.3313214182853699e-01
4.6610288085937500e+03	4.3316489458084106e-01
4.6614829101562500e+03	4.3322107195854187e-01
4.6619370117187500e+03	4.3330132961273193e-01
4.6623911132812500e+03	4.3340599536895752e-01
4.6628457031250000e+03	4.3353527784347534e-01
4.6632998046875000e+03	4.3368926644325256e-01
4.6637539062500000e+03	4.3386790156364441e-01
4.6642084960937500e+03	4.3407082557678223e-01
4.6646625976562500e+03	4.3429774045944214e-01
4.6651171875000000e+03	4.3454813957214355e-01
4.6655717773437500e+03	4.3482124805450439e-01
4.6660263671875000e+03	4.3511623144149780e-01
4.6664809570312500e+03	4.3543228507041931e-01
4.6669355468750000e+03	4.3576821684837341e-01
4.6673901367187500e+03	4.3612298369407654e-01
4.6678447265625000e+03	4.3649524450302124e-01
4.6682993164062500e+03	4.3688368797302246e-01
4.6687543945312500e+03	4.3728694319725037e-01
4.6692089843750000e+03	4.3770346045494080e-01
4.6696640625000000e+03	4.3813169002532959e-01
4.6701186523437500e+03	4.3857008218765259e-01
4.6705737304687500e+03	4.3901696801185608e-01
4.6710288085937500e+03	4.3947061896324158e-01
4.6714838867187500e+03	4.3992948532104492e-01
4.6719389648437500e+03	4.4039165973663330e-01
4.6723940429687500e+03	4.4085550308227539e-01
4.6728491210937500e+03	4.4131934642791748e-01
4.6733041992187500e+03	4.4178143143653870e-01
4.6737597656250000e+03	4.4223996996879578e-01
4.6742148437500000e+03	4.4269347190856934e-01
4.6746704101562500e+03	4.4314014911651611e-01
4.6751254882812500e+03	4.4357845187187195e-01
4.6755810546875000e+03	4.4400680065155029e-01
4.6760366210937500e+03	4.4442376494407654e-01
4.6764921875000000e+03	4.4482779502868652e-01
4.6769477539062500e+03	4.4521763920783997e-01
4.6774033203125000e+03	4.4559186697006226e-01
4.6778588867187500e+03	4.4594925642013550e-01
4.6783149414062500e+03	4.4628864526748657e-01
4.6787705078125000e+03	4.4660907983779907e-01
4.6792260742187500e+03	4.4690948724746704e-01
4.6796821289062500e+03	4.4718897342681885e-01
4.6801381835937500e+03	4.4744676351547241e-01
4.6805937500000000e+03	4.4768223166465759e-01
4.6810498046875000e+03	4.4789469242095947e-01
4.6815058593750000e+03	4.4808378815650940e-01
4.6819619140625000e+03	4.4824907183647156e-01
4.6824179687500000e+03	4.4839036464691162e-01
4.6828740234375000e+03	4.4850742816925049e-01
4.6833305664062500e+03	4.4860026240348816e-01
4.6837866210937500e+03	4.4866892695426941e-01
4.6842431640625000e+03	4.4871369004249573e-01
4.6846992187500000e+03	4.4873481988906860e-01
4.6851557617187500e+03	4.4873261451721191e-01
4.6856123046875000e+03	4.4870769977569580e-01
4.6860683593750000e+03	4.4866058230400085e-01
4.6865249023437500e+03	4.4859200716018677e-01
4.6869814453125000e+03	4.4850271940231323e-01
4.6874379882812500e+03	4.4839361310005188e-01
4.6878950195312500e+03	4.4826570153236389e-01
4.6883515625000000e+03	4.4811987876892090e-01
4.6888081054687500e+03	4.4795730710029602e-01
4.6892651367187500e+03	4.4777911901473999e-01
4.6897216796875000e+03	4.4758650660514832e-01
4.6901787109375000e+03	4.4738072156906128e-01
4.6906357421875000e+03	4.4716301560401917e-01
4.6910927734375000e+03	4.4693467020988464e-01
4.6915498046875000e+03	4.4669708609580994e-01
4.6920068359375000e+03	4.4645154476165771e-01
4.6924638671875000e+03	4.4619932770729065e-01
4.6929208984375000e+03	4.4594186544418335e-01
4.6933779296875000e+03	4.4568035006523132e-01
4.6938354492187500e+03	4.4541615247726440e-01
4.6942924804687500e+03	4.4515058398246765e-01
4.6947500000000000e+03	4.4488474726676941e-01
4.6952070312500000e+03	4.4461989402770996e-01
4.6956645507812500e+03	4.4435712695121765e-01
4.6961220703125000e+03	4.4409757852554321e-01
4.6965795898437500e+03	4.4384220242500305e-01
4.6970371093750000e+03	4.4359195232391357e-01
4.6974946289062500e+03	4.4334775209426880e-01
4.6979521484375000e+03	4.4311031699180603e-01
4.6984101562500000e+03	4.4288048148155212e-01
4.6988676757812500e+03	4.4265884160995483e-01
4.6993251953125000e+03	4.4244605302810669e-01
4.6997832031250000e+03	4.4224241375923157e-01
4.7002412109375000e+03	4.4204846024513245e-01
4.7006987304687500e+03	4.4186452031135559e-01
4.7011567382812500e+03	4.4169083237648010e-01
4.7016147460937500e+03	4.4152745604515076e-01
4.7020727539062500e+03	4.4137451052665710e-01
4.7025307617187500e+03	4.4123202562332153e-01
4.7029892578125000e+03	4.4109982252120972e-01
4.7034472656250000e+03	4.4097787141799927e-01
4.7039052734375000e+03	4.4086575508117676e-01
4.7043637695312500e+03	4.4076332449913025e-01
4.7048217773437500e+03	4.4067016243934631e-01
4.7052802734375000e+03	4.4058579206466675e-01
4.7057387695312500e+03	4.4050976634025574e-01
4.7061972656250000e+03	4.4044154882431030e-01
4.7066557617187500e+03	4.4038054347038269e-01
4.7071142578125000e+03	4.4032612442970276e-01
4.7075727539062500e+03	4.4027754664421082e-01
4.7080312500000000e+03	4.4023415446281433e-01
4.7084897460937500e+03	4.4019526243209839e-01
4.7089487304687500e+03	4.4016003608703613e-01
4.7094072265625000e+03	4.4012770056724548e-01
4.7098662109375000e+03	4.4009751081466675e-01
4.7103247070312500e+03	4.4006857275962830e-01
4.7107836914062500e+03	4.4004023075103760e-01
4.7112426757812500e+03	4.4001150131225586e-01
4.7117016601562500e+03	4.3998169898986816e-01
4.7121606445312500e+03	4.3994998931884766e-01
4.7126196289062500e+03	4.3991565704345703e-01
4.7130786132812500e+03	4.3987792730331421e-01
4.7135380859375000e+03	4.3983602523803711e-01
4.7139970703125000e+03	4.3978926539421082e-01
4.7144565429687500e+03	4.3973702192306519e-01
4.7149155273437500e+03	4.3967857956886292e-01
4.7153750000000000e+03	4.3961337208747864e-01
4.7158344726562500e+03	4.3954083323478699e-01
4.7162939453125000e+03	4.3946048617362976e-01
4.7167529296875000e+03	4.3937176465988159e-01
4.7172128906250000e+03	4.3927428126335144e-01
4.7176723632812500e+03	4.3916767835617065e-01
4.7181318359375000e+03	4.3905153870582581e-01
4.7185913085937500e+03	4.3892565369606018e-01
4.7190512695312500e+03	4.3878972530364990e-01
4.7195107421875000e+03	4.3864360451698303e-01
4.7199707031250000e+03	4.3848714232444763e-01
4.7204301757812500e+03	4.3832021951675415e-01
4.7208901367187500e+03	4.3814274668693542e-01
4.7213500976562500e+03	4.3795478343963623e-01
4.7218100585937500e+03	4.3775632977485657e-01
4.7222700195312500e+03	4.3754744529724121e-01
4.7227299804687500e+03	4.3732827901840210e-01
4.7231904296875000e+03	4.3709900975227356e-01
4.7236503906250000e+03	4.3685972690582275e-01
4.7241103515625000e+03	4.3661072850227356e-01
4.7245708007812500e+03	4.3635225296020508e-01
4.7250307617187500e+03	4.3608447909355164e-01
4.7254912109375000e+03	4.3580773472785950e-01
4.7259516601562500e+03	4.3552237749099731e-01
4.7264121093750000e+03	4.3522870540618896e-01
4.7268725585937500e+03	4.3492698669433594e-01
4.7273330078125000e+03	4.3461760878562927e-01
4.7277934570312500e+03	4.3430089950561523e-01
4.7282539062500000e+03	4.3397724628448486e-01
4.7287148437500000e+03	4.3364688754081726e-01
4.7291752929687500e+03	4.3331024050712585e-01
4.7296362304687500e+03	4.3296751379966736e-01
4.7300966796875000e+03	4.3262144923210144e-01
4.7305576171875000e+03	4.3226781487464905e-01
4.7310185546875000e+03	4.3190920352935791e-01
4.7314794921875000e+03	4.3154558539390564e-01
4.7319404296875000e+03	4.3117743730545044e-01
4.7324013671875000e+03	4.3080472946166992e-01
4.7328623046875000e+03	4.3042781949043274e-01
4.7333232421875000e+03	4.3004676699638367e-01
4.7337841796875000e+03	4.2966166138648987e-01
4.7342456054687500e+03	4.2927268147468567e-01
4.7347065429687500e+03	4.2887973785400391e-01
4.7351679687500000e+03	4.2848303914070129e-01
4.7356293945312500e+03	4.2808228731155396e-01
4.7360908203125000e+03	4.2767778038978577e-01
4.7365522460937500e+03	4.2726922035217285e-01
4.7370136718750000e+03	4.2685654759407043e-01
4.7374750976562500e+03	4.2643958330154419e-01
4.7379365234375000e+03	4.2601832747459412e-01
4.7383979492187500e+03	4.2559242248535156e-01
4.7388593750000000e+03	4.2516177892684937e-01
4.7393212890625000e+03	4.2472615838050842e-01
4.7397832031250000e+03	4.2428526282310486e-01
4.7402446289062500e+03	4.2383894324302673e-01
4.7407065429687500e+03	4.2338684201240540e-01
4.7411684570312500e+03	4.2292878031730652e-01
4.7416303710937500e+03	4.2246448993682861e-01
4.7420922851562500e+03	4.2199373245239258e-01
4.7425541992187500e+03	4.2151618003845215e-01
4.7430161132812500e+03	4.2103168368339539e-01
4.7434780273437500e+03	4.2054000496864319e-01
4.7439404296875000e+03	4.2004093527793884e-01
4.7444023437500000e+03	4.1953429579734802e-01
4.7448647460937500e+03	4.1902002692222595e-01
4.7453266601562500e+03	4.1849789023399353e-01
4.7457890625000000e+03	4.1796785593032837e-01
4.7462514648437500e+03	4.1742992401123047e-01
4.7467138671875000e+03	4.1688397526741028e-01
4.7471762695312500e+03	4.1633015871047974e-01
4.7476386718750000e+03	4.1576853394508362e-01
4.7481010742187500e+03	4.1519922018051147e-01
4.7485639648437500e+03	4.1462233662605286e-01
4.7490263671875000e+03	4.1403812170028687e-01
4.7494887695312500e+03	4.1344687342643738e-01
4.7499516601562500e+03	4.1284886002540588e-01
4.7504145507812500e+03	4.1224443912506104e-01
4.7508769531250000e+03	4.1163396835327148e-01
4.7513398437500000e+03	4.1101789474487305e-01
4.7518027343750000e+03	4.1039672493934631e-01
4.7522656250000000e+03	4.0977087616920471e-01
4.7527285156250000e+03	4.0914094448089600e-01
4.7531918945312500e+03	4.0850746631622314e-01
4.7536547851562500e+03	4.0787103772163391e-01
4.7541176757812500e+03	4.0723228454589844e-01
4.7545810546875000e+03	4.0659183263778687e-01
4.7550444335937500e+03	4.0595033764839172e-01
4.7555073242187500e+03	4.0530842542648315e-01
4.7559707031250000e+03	4.0466678142547607e-01
4.7564340820312500e+03	4.0402606129646301e-01
4.7568974609375000e+03	4.0338695049285889e-01
4.7573608398437500e+03	4.0275010466575623e-01
4.7578242187500000e+03	4.0211617946624756e-01
4.7582875976562500e+03	4.0148586034774780e-01
4.7587514648437500e+03	4.0085977315902710e-01
4.7592148437500000e+03	4.0023851394653320e-01
4.7596787109375000e+03	3.9962273836135864e-01
4.7601420898437500e+03	3.9901301264762878e-01
4.7606059570312500e+03	3.9840984344482422e-01
4.7610698242187500e+03	3.9781385660171509e-01
4.7615336914062500e+03	3.9722555875778198e-01
4.7619975585937500e+03	3.9664542675018311e-01
4.7624614257812500e+03	3.9607396721839905e-01
4.7629252929687500e+03	3.9551156759262085e-01
4.7633891601562500e+03	3.9495870471000671e-01
4.7638530273437500e+03	3.9441579580307007e-01
4.7643173828125000e+03	3.9388316869735718e-01
4.7647812500000000e+03	3.9336118102073669e-01
4.7652456054687500e+03	3.9285242557525635e-01
4.7657099609375000e+03	3.9235284924507141e-01
4.7661743164062500e+03	3.9186489582061768e-01
4.7666386718750000e+03	3.9138877391815186e-01
4.7671030273437500e+03	3.9092472195625305e-01
4.7675673828125000e+03	3.9047306776046753e-01
4.7680317382812500e+03	3.9003401994705200e-01
4.7684960937500000e+03	3.8960772752761841e-01
4.7689604492187500e+03	3.8919445872306824e-01
4.7694252929687500e+03	3.8879436254501343e-01
4.7698896484375000e+03	3.8840764760971069e-01
4.7703544921875000e+03	3.8803452253341675e-01
4.7708193359375000e+03	3.8767513632774353e-01
4.7712841796875000e+03	3.8732963800430298e-01
4.7717490234375000e+03	3.8699820637702942e-01
4.7722138671875000e+03	3.8668102025985718e-01
4.7726787109375000e+03	3.8637828826904297e-01
4.7731435546875000e+03	3.8609015941619873e-01
4.7736083984375000e+03	3.8581675291061401e-01
4.7740737304687500e+03	3.8555836677551270e-01
4.7745385742187500e+03	3.8531509041786194e-01
4.7750039062500000e+03	3.8508704304695129e-01
4.7754687500000000e+03	3.8487461209297180e-01
4.7759340820312500e+03	3.8467776775360107e-01
4.7763994140625000e+03	3.8449680805206299e-01
4.7768647460937500e+03	3.8433197140693665e-01
4.7773300781250000e+03	3.8418337702751160e-01
4.7777954101562500e+03	3.8405358791351318e-01
4.7782607421875000e+03	3.8393846154212952e-01
4.7787265625000000e+03	3.8384026288986206e-01
4.7791918945312500e+03	3.8375920057296753e-01
4.7796577148437500e+03	3.8369548320770264e-01
4.7801230468750000e+03	3.8364934921264648e-01
4.7805888671875000e+03	3.8362094759941101e-01
4.7810546875000000e+03	3.8361057639122009e-01
4.7815205078125000e+03	3.8361838459968567e-01
4.7819863281250000e+03	3.8364461064338684e-01
4.7824521484375000e+03	3.8368934392929077e-01
4.7829179687500000e+03	3.8375300168991089e-01
4.7833837890625000e+03	3.8383561372756958e-01
4.7838496093750000e+03	3.8393732905387878e-01
4.7843159179687500e+03	3.8405844569206238e-01
4.7847817382812500e+03	3.8419905304908752e-01
4.7852480468750000e+03	3.8435935974121094e-01
4.7857143554687500e+03	3.8453948497772217e-01
4.7861806640625000e+03	3.8473954796791077e-01
4.7866464843750000e+03	3.8495969772338867e-01
4.7871127929687500e+03	3.8519999384880066e-01
4.7875795898437500e+03	3.8546058535575867e-01
4.7880458984375000e+03	3.8574156165122986e-01
4.7885122070312500e+03	3.8604298233985901e-01
4.7889785156250000e+03	3.8636484742164612e-01
4.7894453125000000e+03	3.8670721650123596e-01
4.7899116210937500e+03	3.8707014918327332e-01
4.7903784179687500e+03	3.8745355606079102e-01
4.7908452148437500e+03	3.8785749673843384e-01
4.7913120117187500e+03	3.8828191161155701e-01
4.7917788085937500e+03	3.8872674107551575e-01
4.7922456054687500e+03	3.8919195532798767e-01
4.7927124023437500e+03	3.8967737555503845e-01
4.7931791992187500e+03	3.9018300175666809e-01
4.7936459960937500e+03	3.9070862531661987e-01
4.7941132812500000e+03	3.9125412702560425e-01
4.7945800781250000e+03	3.9181938767433167e-01
4.7950473632812500e+03	3.9240410923957825e-01
4.7955141601562500e+03	3.9300829172134399e-01
4.7959814453125000e+03	3.9363163709640503e-01
4.7964487304687500e+03	3.9427390694618225e-01
4.7969160156250000e+03	3.9493483304977417e-01
4.7973833007812500e+03	3.9561429619789124e-01
4.7978505859375000e+03	3.9631193876266479e-01
4.7983178710937500e+03	3.9702761173248291e-01
4.7987856445312500e+03	3.9776098728179932e-01
4.7992529296875000e+03	3.9851173758506775e-01
4.7997207031250000e+03	3.9927971363067627e-01
4.8001879882812500e+03	4.0006455779075623e-01
4.8006557617187500e+03	4.0086612105369568e-01
4.8011235351562500e+03	4.0168398618698120e-01
4.8015913085937500e+03	4.0251809358596802e-01
4.8020585937500000e+03	4.0336808562278748e-01
4.8025268554687500e+03	4.0423369407653809e-01
4.8029946289062500e+03	4.0511485934257507e-01
4.8034624023437500e+03	4.0601134300231934e-01
4.8039301757812500e+03	4.0692296624183655e-01
4.8043984375000000e+03	4.0784960985183716e-01
4.8048662109375000e+03	4.0879127383232117e-01
4.8053344726562500e+03	4.0974780917167664e-01
4.8058027343750000e+03	4.1071930527687073e-01
4.8062705078125000e+03	4.1170576214790344e-01
4.8067387695312500e+03	4.1270726919174194e-01
4.8072070312500000e+03	4.1372406482696533e-01
4.8076752929687500e+03	4.1475620865821838e-01
4.8081440429687500e+03	4.1580420732498169e-01
4.8086123046875000e+03	4.1686826944351196e-01
4.8090805664062500e+03	4.1794896125793457e-01
4.8095493164062500e+03	4.1904675960540771e-01
4.8100175781250000e+03	4.2016223073005676e-01
4.8104863281250000e+03	4.2129617929458618e-01
4.8109550781250000e+03	4.2244940996170044e-01
4.8114238281250000e+03	4.2362281680107117e-01
4.8118925781250000e+03	4.2481744289398193e-01
4.8123613281250000e+03	4.2603439092636108e-01
4.8128300781250000e+03	4.2727503180503845e-01
4.8132988281250000e+03	4.2854070663452148e-01
4.8137675781250000e+03	4.2983281612396240e-01
4.8142368164062500e+03	4.3115311861038208e-01
4.8147055664062500e+03	4.3250337243080139e-01
4.8151748046875000e+03	4.3388542532920837e-01
4.8156435546875000e+03	4.3530145287513733e-01
4.8161127929687500e+03	4.3675354123115540e-01
4.8165820312500000e+03	4.3824401497840881e-01
4.8170512695312500e+03	4.3977531790733337e-01
4.8175205078125000e+03	4.4135004281997681e-01
4.8179897460937500e+03	4.4297093152999878e-01
4.8184594726562500e+03	4.4464096426963806e-01
4.8189287109375000e+03	4.4636297225952148e-01
4.8193979492187500e+03	4.4814023375511169e-01
4.8198676757812500e+03	4.4997581839561462e-01
4.8203369140625000e+03	4.5187339186668396e-01
4.8208066406250000e+03	4.5383620262145996e-01
4.8212763671875000e+03	4.5586797595024109e-01
4.8217460937500000e+03	4.5797243714332581e-01
4.8222158203125000e+03	4.6015337109565735e-01
4.8226855468750000e+03	4.6241471171379089e-01
4.8231552734375000e+03	4.6476027369499207e-01
4.8236250000000000e+03	4.6719428896903992e-01
4.8240952148437500e+03	4.6972075104713440e-01
4.8245649414062500e+03	4.7234389185905457e-01
4.8250351562500000e+03	4.7506785392761230e-01
4.8255053710937500e+03	4.7789669036865234e-01
4.8259750976562500e+03	4.8083490133285522e-01
4.8264453125000000e+03	4.8388648033142090e-01
4.8269155273437500e+03	4.8705559968948364e-01
4.8273857421875000e+03	4.9034640192985535e-01
4.8278559570312500e+03	4.9376308917999268e-01
4.8283261718750000e+03	4.9730962514877319e-01
4.8287968750000000e+03	5.0098985433578491e-01
4.8292670898437500e+03	5.0480771064758301e-01
4.8297377929687500e+03	5.0876903533935547e-01
4.8302080078125000e+03	5.1287323236465454e-01
4.8306787109375000e+03	5.1712578535079956e-01
4.8311494140625000e+03	5.2152979373931885e-01
4.8316201171875000e+03	5.2608835697174072e-01
4.8320908203125000e+03	5.3080439567565918e-01
4.8325615234375000e+03	5.3568035364151001e-01
4.8330322265625000e+03	5.4071849584579468e-01
4.8335029296875000e+03	5.4592114686965942e-01
4.8339736328125000e+03	5.5128991603851318e-01
4.8344448242187500e+03	5.5682635307312012e-01
4.8349155273437500e+03	5.6253159046173096e-01
4.8353867187500000e+03	5.6840628385543823e-01
4.8358579101562500e+03	5.7445108890533447e-01
4.8363286132812500e+03	5.8066588640213013e-01
4.8367998046875000e+03	5.8705049753189087e-01
4.8372709960937500e+03	5.9360408782958984e-01
4.8377421875000000e+03	6.0032540559768677e-01
4.8382138671875000e+03	6.0721290111541748e-01
4.8386850585937500e+03	6.1426454782485962e-01
4.8391562500000000e+03	6.2147760391235352e-01
4.8396279296875000e+03	6.2884914875030518e-01
4.8400991210937500e+03	6.3637560606002808e-01
4.8405708007812500e+03	6.4405286312103271e-01
4.8410424804687500e+03	6.5187633037567139e-01
4.8415141601562500e+03	6.5984094142913818e-01
4.8419858398437500e+03	6.6794103384017944e-01
4.8424575195312500e+03	6.7617034912109375e-01
4.8429291992187500e+03	6.8452221155166626e-01
4.8434008789062500e+03	6.9298934936523438e-01
4.8438725585937500e+03	7.0156389474868774e-01
4.8443447265625000e+03	7.1023744344711304e-01
4.8448164062500000e+03	7.1900111436843872e-01
4.8452885742187500e+03	7.2784548997879028e-01
4.8457607421875000e+03	7.3676043748855591e-01
4.8462324218750000e+03	7.4573564529418945e-01
4.8467045898437500e+03	7.5475996732711792e-01
4.8471767578125000e+03	7.6382201910018921e-01
4.8476489257812500e+03	7.7290976047515869e-01
4.8481210937500000e+03	7.8201085329055786e-01
4.8485937500000000e+03	7.9111236333847046e-01
4.8490659179687500e+03	8.0020123720169067e-01
4.8495380859375000e+03	8.0926358699798584e-01
4.8500107421875000e+03	8.1828564405441284e-01
4.8504833984375000e+03	8.2725304365158081e-01
4.8509555664062500e+03	8.3615136146545410e-01
4.8514282226562500e+03	8.4496569633483887e-01
4.8519008789062500e+03	8.5368126630783081e-01
4.8523735351562500e+03	8.6228263378143311e-01
4.8528461914062500e+03	8.7075483798980713e-01
4.8533188476562500e+03	8.7908250093460083e-01
4.8537919921875000e+03	8.8725000619888306e-01
4.8542646484375000e+03	8.9524233341217041e-01
4.8547377929687500e+03	9.0304428339004517e-01
4.8552104492187500e+03	9.1064041852951050e-01
4.8556835937500000e+03	9.1801613569259644e-01
4.8561567382812500e+03	9.2515885829925537e-01
4.8566298828125000e+03	9.3204963207244873e-01
4.8571025390625000e+03	9.3867665529251099e-01
4.8575761718750000e+03	9.4502627849578857e-01
4.8580493164062500e+03	9.5108491182327271e-01
4.8585224609375000e+03	9.5683997869491577e-01
4.8589956054687500e+03	9.6227914094924927e-01
4.8594692382812500e+03	9.6739071607589722e-01
4.8599423828125000e+03	9.7216337919235229e-01
4.8604160156250000e+03	9.7658717632293701e-01
4.8608896484375000e+03	9.8065191507339478e-01
4.8613627929687500e+03	9.8434883356094360e-01
4.8618364257812500e+03	9.8766982555389404e-01
4.8623100585937500e+03	9.9060755968093872e-01
4.8627836914062500e+03	9.9315512180328369e-01
4.8632578125000000e+03	9.9530714750289917e-01
4.8637314453125000e+03	9.9705886840820312e-01
4.8642050781250000e+03	9.9840635061264038e-01
4.8646791992187500e+03	9.9934691190719604e-01
4.8651528320312500e+03	9.9987834692001343e-01
4.8656269531250000e+03	1.0000000000000000e+00
4.8661010742187500e+03	9.9971145391464233e-01
4.8665747070312500e+03	9.9901407957077026e-01
4.8670488281250000e+03	9.9790942668914795e-01
4.8675229492187500e+03	9.9640071392059326e-01
4.8679975585937500e+03	9.9449169635772705e-01
4.8684716796875000e+03	9.9218732118606567e-01
4.8689458007812500e+03	9.8949295282363892e-01
4.8694204101562500e+03	9.8641562461853027e-01
4.8698945312500000e+03	9.8296260833740234e-01
4.8703691406250000e+03	9.7914248704910278e-01
4.8708432617187500e+03	9.7496432065963745e-01
4.8713178710937500e+03	9.7043818235397339e-01
4.8717924804687500e+03	9.6557492017745972e-01
4.8722670898437500e+03	9.6038591861724854e-01
4.8727416992187500e+03	9.5488351583480835e-01
4.8732163085937500e+03	9.4908034801483154e-01
4.8736914062500000e+03	9.4298976659774780e-01
4.8741660156250000e+03	9.3662589788436890e-01
4.8746406250000000e+03	9.3000304698944092e-01
4.8751157226562500e+03	9.2313593626022339e-01
4.8755908203125000e+03	9.1604000329971313e-01
4.8760654296875000e+03	9.0873086452484131e-01
4.8765405273437500e+03	9.0122425556182861e-01
4.8770156250000000e+03	8.9353632926940918e-01
4.8774907226562500e+03	8.8568323850631714e-01
4.8779658203125000e+03	8.7768125534057617e-01
4.8784409179687500e+03	8.6954694986343384e-01
4.8789165039062500e+03	8.6129671335220337e-01
4.8793916015625000e+03	8.5294681787490845e-01
4.8798671875000000e+03	8.4451365470886230e-01
4.8803422851562500e+03	8.3601319789886475e-01
4.8808178710937500e+03	8.2746148109436035e-01
4.8812934570312500e+03	8.1887406110763550e-01
4.8817690429687500e+03	8.1026643514633179e-01
4.8822446289062500e+03	8.0165350437164307e-01
4.8827202148437500e+03	7.9305005073547363e-01
4.8831958007812500e+03	7.8447031974792480e-01
4.8836713867187500e+03	7.7592802047729492e-01
4.8841469726562500e+03	7.6743662357330322e-01
4.8846230468750000e+03	7.5900876522064209e-01
4.8850986328125000e+03	7.5065690279006958e-01
4.8855747070312500e+03	7.4239259958267212e-01
4.8860507812500000e+03	7.3422700166702271e-01
4.8865268554687500e+03	7.2617065906524658e-01
4.8870029296875000e+03	7.1823340654373169e-01
4.8874790039062500e+03	7.1042460203170776e-01
4.8879550781250000e+03	7.0275264978408813e-01
4.8884311523437500e+03	6.9522565603256226e-01
4.8889072265625000e+03	6.8785089254379272e-01
4.8893837890625000e+03	6.8063497543334961e-01
4.8898598632812500e+03	6.7358386516571045e-01
4.8903364257812500e+03	6.6670286655426025e-01
4.8908125000000000e+03	6.5999656915664673e-01
4.8912890625000000e+03	6.5346908569335938e-01
4.8917656250000000e+03	6.4712369441986084e-01
4.8922421875000000e+03	6.4096313714981079e-01
4.8927187500000000e+03	6.3498950004577637e-01
4.8931953125000000e+03	6.2920433282852173e-01
4.8936718750000000e+03	6.2360870838165283e-01
4.8941489257812500e+03	6.1820274591445923e-01
4.8946254882812500e+03	6.1298638582229614e-01
4.8951025390625000e+03	6.0795891284942627e-01
4.8955791015625000e+03	6.0311901569366455e-01
4.8960561523437500e+03	5.9846508502960205e-01
4.8965332031250000e+03	5.9399485588073730e-01
4.8970102539062500e+03	5.8970588445663452e-01
4.8974873046875000e+03	5.8559501171112061e-01
4.8979643554687500e+03	5.8165884017944336e-01
4.8984414062500000e+03	5.7789355516433716e-01
4.8989184570312500e+03	5.7429516315460205e-01
4.8993959960937500e+03	5.7085931301116943e-01
4.8998730468750000e+03	5.6758123636245728e-01
4.9003505859375000e+03	5.6445592641830444e-01
4.9008281250000000e+03	5.6147825717926025e-01
4.9013051757812500e+03	5.5864298343658447e-01
4.9017827148437500e+03	5.5594426393508911e-01
4.9022602539062500e+03	5.5337679386138916e-01
4.9027377929687500e+03	5.5093461275100708e-01
4.9032153320312500e+03	5.4861176013946533e-01
4.9036933593750000e+03	5.4640245437622070e-01
4.9041708984375000e+03	5.4430055618286133e-01
4.9046489257812500e+03	5.4230010509490967e-01
4.9051264648437500e+03	5.4039508104324341e-01
4.9056044921875000e+03	5.3857946395874023e-01
4.9060820312500000e+03	5.3684753179550171e-01
4.9065600585937500e+03	5.3519332408905029e-01
4.9070380859375000e+03	5.3361111879348755e-01
4.9075161132812500e+03	5.3209525346755981e-01
4.9079941406250000e+03	5.3064030408859253e-01
4.9084721679687500e+03	5.2924090623855591e-01
4.9089506835937500e+03	5.2789199352264404e-01
4.9094287109375000e+03	5.2658843994140625e-01
4.9099072265625000e+03	5.2532547712326050e-01
4.9103852539062500e+03	5.2409869432449341e-01
4.9108637695312500e+03	5.2290368080139160e-01
4.9113422851562500e+03	5.2173626422882080e-01
4.9118208007812500e+03	5.2059262990951538e-01
4.9122993164062500e+03	5.1946920156478882e-01
4.9127778320312500e+03	5.1836240291595459e-01
4.9132563476562500e+03	5.1726931333541870e-01
4.9137348632812500e+03	5.1618707180023193e-01
4.9142133789062500e+03	5.1511293649673462e-01
4.9146923828125000e+03	5.1404464244842529e-01
4.9151708984375000e+03	5.1298016309738159e-01
4.9156499023437500e+03	5.1191741228103638e-01
4.9161289062500000e+03	5.1085507869720459e-01
4.9166079101562500e+03	5.0979161262512207e-01
4.9170869140625000e+03	5.0872588157653809e-01
4.9175659179687500e+03	5.0765711069107056e-01
4.9180449218750000e+03	5.0658440589904785e-01
4.9185239257812500e+03	5.0550740957260132e-01
4.9190029296875000e+03	5.0442564487457275e-01
4.9194824218750000e+03	5.0333911180496216e-01
4.9199614257812500e+03	5.0224775075912476e-01
4.9204409179687500e+03	5.0114953517913818e-01
4.9209199218750000e+03	5.0004917383193970e-01
4.9213994140625000e+03	4.9894458055496216e-01
4.9218789062500000e+03	4.9783638119697571e-01
4.9223583984375000e+03	4.9672499299049377e-01
4.9228378906250000e+03	4.9561101198196411e-01
4.9233173828125000e+03	4.9449515342712402e-01
4.9237973632812500e+03	4.9337786436080933e-01
4.9242768554687500e+03	4.9225988984107971e-01
4.9247563476562500e+03	4.9114191532135010e-01
4.9252363281250000e+03	4.9002432823181152e-01
4.9257163085937500e+03	4.8890778422355652e-01
4.9261958007812500e+03	4.8779287934303284e-01
4.9266757812500000e+03	4.8667988181114197e-01
4.9271557617187500e+03	4.8556926846504211e-01
4.9276357421875000e+03	4.8446112871170044e-01
4.9281157226562500e+03	4.8335579037666321e-01
4.9285957031250000e+03	4.8225113749504089e-01
4.9290761718750000e+03	4.8115140199661255e-01
4.9295561523437500e+03	4.8005422949790955e-01
4.9300366210937500e+03	4.7895941138267517e-01
4.9305166015625000e+03	4.7786644101142883e-01
4.9309970703125000e+03	4.7677499055862427e-01
4.9314775390625000e+03	4.7568443417549133e-01
4.9319580078125000e+03	4.7459411621093750e-01
4.9324384765625000e+03	4.7350320219993591e-01
4.9329189453125000e+03	4.7241091728210449e-01
4.9333994140625000e+03	4.7131639719009399e-01
4.9338798828125000e+03	4.7021865844726562e-01
4.9343608398437500e+03	4.6911674737930298e-01
4.9348413085937500e+03	4.6800968050956726e-01
4.9353222656250000e+03	4.6689641475677490e-01
4.9358027343750000e+03	4.6577596664428711e-01
4.9362836914062500e+03	4.6464741230010986e-01
4.9367646484375000e+03	4.6350979804992676e-01
4.9372456054687500e+03	4.6236228942871094e-01
4.9377265625000000e+03	4.6120405197143555e-01
4.9382075195312500e+03	4.6003443002700806e-01
4.9386884765625000e+03	4.5885282754898071e-01
4.9391699218750000e+03	4.5765873789787292e-01
4.9396508789062500e+03	4.5645177364349365e-01
4.9401318359375000e+03	4.5523190498352051e-01
4.9406132812500000e+03	4.5399889349937439e-01
4.9410947265625000e+03	4.5275288820266724e-01
4.9415761718750000e+03	4.5149409770965576e-01
4.9420576171875000e+03	4.5022302865982056e-01
4.9425390625000000e+03	4.4894015789031982e-01
4.9430205078125000e+03	4.4764629006385803e-01
4.9435019531250000e+03	4.4634222984313965e-01
4.9439833984375000e+03	4.4502907991409302e-01
4.9444648437500000e+03	4.4370800256729126e-01
4.9449467773437500e+03	4.4238027930259705e-01
4.9454287109375000e+03	4.4104734063148499e-01
4.9459101562500000e+03	4.3971085548400879e-01
4.9463920898437500e+03	4.3837237358093262e-01
4.9468740234375000e+03	4.3703365325927734e-01
4.9473559570312500e+03	4.3569648265838623e-01
4.9478378906250000e+03	4.3436273932456970e-01
4.9483198242187500e+03	4.3303436040878296e-01
4.9488017578125000e+03	4.3171322345733643e-01
4.9492841796875000e+03	4.3040120601654053e-01
4.9497661132812500e+03	4.2910024523735046e-01
4.9502485351562500e+03	4.2781224846839905e-01
4.9507304687500000e+03	4.2653897404670715e-01
4.9512128906250000e+03	4.2528229951858521e-01
4.9516953125000000e+03	4.2404377460479736e-01
4.9521777343750000e+03	4.2282512784004211e-01
4.9526601562500000e+03	4.2162787914276123e-01
4.9531425781250000e+03	4.2045333981513977e-01
4.9536250000000000e+03	4.1930282115936279e-01
4.9541074218750000e+03	4.1817754507064819e-01
4.9545903320312500e+03	4.1707852482795715e-01
4.9550727539062500e+03	4.1600659489631653e-01
4.9555556640625000e+03	4.1496065258979797e-01
4.9560385742187500e+03	4.1394543647766113e-01
4.9565209960937500e+03	4.1295918822288513e-01
4.9570039062500000e+03	4.1200235486030579e-01
4.9574868164062500e+03	4.1107514500617981e-01
4.9579697265625000e+03	4.1017761826515198e-01
4.9584531250000000e+03	4.0930980443954468e-01
4.9589360351562500e+03	4.0847152471542358e-01
4.9594189453125000e+03	4.0766263008117676e-01
4.9599023437500000e+03	4.0688273310661316e-01
4.9603852539062500e+03	4.0613147616386414e-01
4.9608686523437500e+03	4.0540826320648193e-01
4.9613520507812500e+03	4.0471261739730835e-01
4.9618349609375000e+03	4.0404391288757324e-01
4.9623183593750000e+03	4.0340143442153931e-01
4.9628017578125000e+03	4.0278446674346924e-01
4.9632856445312500e+03	4.0219229459762573e-01
4.9637690429687500e+03	4.0162411332130432e-01
4.9642524414062500e+03	4.0107914805412292e-01
4.9647363281250000e+03	4.0055665373802185e-01
4.9652197265625000e+03	4.0005576610565186e-01
4.9657036132812500e+03	3.9957579970359802e-01
4.9661870117187500e+03	3.9911589026451111e-01
4.9666708984375000e+03	3.9867541193962097e-01
4.9671547851562500e+03	3.9825356006622314e-01
4.9676386718750000e+03	3.9784964919090271e-01
4.9681225585937500e+03	3.9746311306953430e-01
4.9686069335937500e+03	3.9709329605102539e-01
4.9690908203125000e+03	3.9673957228660583e-01
4.9695747070312500e+03	3.9640146493911743e-01
4.9700590820312500e+03	3.9607846736907959e-01
4.9705429687500000e+03	3.9577013254165649e-01
4.9710273437500000e+03	3.9547598361968994e-01
4.9715117187500000e+03	3.9519569277763367e-01
4.9719960937500000e+03	3.9492893218994141e-01
4.9724804687500000e+03	3.9467543363571167e-01
4.9729648437500000e+03	3.9443483948707581e-01
4.9734492187500000e+03	3.9420697093009949e-01
4.9739335937500000e+03	3.9399164915084839e-01
4.9744179687500000e+03	3.9378863573074341e-01
4.9749028320312500e+03	3.9359778165817261e-01
4.9753872070312500e+03	3.9341899752616882e-01
4.9758720703125000e+03	3.9325216412544250e-01
4.9763569335937500e+03	3.9309716224670410e-01
4.9768417968750000e+03	3.9295393228530884e-01
4.9773266601562500e+03	3.9282244443893433e-01
4.9778115234375000e+03	3.9270260930061340e-01
4.9782963867187500e+03	3.9259439706802368e-01
4.9787812500000000e+03	3.9249777793884277e-01
4.9792661132812500e+03	3.9241272211074829e-01
4.9797514648437500e+03	3.9233916997909546e-01
4.9802363281250000e+03	3.9227721095085144e-01
4.9807216796875000e+03	3.9222669601440430e-01
4.9812070312500000e+03	3.9218768477439880e-01
4.9816918945312500e+03	3.9216023683547974e-01
4.9821772460937500e+03	3.9214423298835754e-01
4.9826625976562500e+03	3.9213976263999939e-01
4.9831484375000000e+03	3.9214676618576050e-01
4.9836337890625000e+03	3.9216524362564087e-01
4.9841191406250000e+03	3.9219525456428528e-01
4.9846044921875000e+03	3.9223676919937134e-01
4.9850903320312500e+03	3.9228978753089905e-01
4.9855756835937500e+03	3.9235433936119080e-01
4.9860615234375000e+03	3.9243039488792419e-01
4.9865473632812500e+03	3.9251801371574402e-01
4.9870332031250000e+03	3.9261713624000549e-01
4.9875190429687500e+03	3.9272785186767578e-01
4.9880048828125000e+03	3.9285010099411011e-01
4.9884907226562500e+03	3.9298388361930847e-01
4.9889765625000000e+03	3.9312919974327087e-01
4.9894628906250000e+03	3.9328604936599731e-01
4.9899487304687500e+03	3.9345434308052063e-01
4.9904350585937500e+03	3.9363420009613037e-01
4.9909208984375000e+03	3.9382535219192505e-01
4.9914072265625000e+03	3.9402785897254944e-01
4.9918935546875000e+03	3.9424163103103638e-01
4.9923798828125000e+03	3.9446654915809631e-01
4.9928662109375000e+03	3.9470240473747253e-01
4.9933525390625000e+03	3.9494910836219788e-01
4.9938388671875000e+03	3.9520645141601562e-01
4.9943256835937500e+03	3.9547425508499146e-01
4.9948120117187500e+03	3.9575013518333435e-01
4.9952988281250000e+03	3.9603820443153381e-01
4.9957851562500000e+03	3.9633581042289734e-01
4.9962719726562500e+03	3.9664253592491150e-01
4.9967587890625000e+03	3.9695808291435242e-01
4.9972456054687500e+03	3.9728191494941711e-01
4.9977324218750000e+03	3.9761358499526978e-01
4.9982192382812500e+03	3.9795267581939697e-01
4.9987060546875000e+03	3.9829850196838379e-01
4.9991928710937500e+03	3.9865055680274963e-01
4.9996801757812500e+03	3.9900815486907959e-01
5.0001669921875000e+03	3.9937081933021545e-01
5.0006542968750000e+03	3.9973768591880798e-01
5.0011416015625000e+03	4.0010824799537659e-01
5.0016284179687500e+03	4.0048170089721680e-01
5.0021157226562500e+03	4.0085738897323608e-01
5.0026030273437500e+03	4.0123462677001953e-01
5.0030903320312500e+03	4.0161269903182983e-01
5.0035776367187500e+03	4.0199089050292969e-01
5.0040654296875000e+03	4.0236860513687134e-01
5.0045527343750000e+03	4.0274506807327271e-01
5.0050405273437500e+03	4.0311986207962036e-01
5.0055278320312500e+03	4.0349230170249939e-01
5.0060156250000000e+03	4.0386179089546204e-01
5.0065034179687500e+03	4.0422803163528442e-01
5.0069907226562500e+03	4.0459042787551880e-01
5.0074785156250000e+03	4.0494877099990845e-01
5.0079663085937500e+03	4.0530264377593994e-01
5.0084545898437500e+03	4.0565195679664612e-01
5.0089423828125000e+03	4.0599647164344788e-01
5.0094301757812500e+03	4.0633615851402283e-01
5.0099184570312500e+03	4.0667107701301575e-01
5.0104062500000000e+03	4.0700116753578186e-01
5.0108945312500000e+03	4.0732675790786743e-01
5.0113828125000000e+03	4.0764796733856201e-01
5.0118706054687500e+03	4.0796515345573425e-01
5.0123588867187500e+03	4.0827861428260803e-01
5.0128471679687500e+03	4.0858888626098633e-01
5.0133354492187500e+03	4.0889632701873779e-01
5.0138242187500000e+03	4.0920150279998779e-01
5.0143125000000000e+03	4.0950495004653931e-01
5.0148007812500000e+03	4.0980723500251770e-01
5.0152895507812500e+03	4.1010892391204834e-01
5.0157783203125000e+03	4.1041061282157898e-01
5.0162666015625000e+03	4.1071283817291260e-01
5.0167553710937500e+03	4.1101613640785217e-01
5.0172441406250000e+03	4.1132098436355591e-01
5.0177329101562500e+03	4.1162785887718201e-01
5.0182216796875000e+03	4.1193714737892151e-01
5.0187104492187500e+03	4.1224911808967590e-01
5.0191997070312500e+03	4.1256397962570190e-01
5.0196884765625000e+03	4.1288179159164429e-01
5.0201772460937500e+03	4.1320267319679260e-01
5.0206665039062500e+03	4.1352635622024536e-01
5.0211557617187500e+03	4.1385272145271301e-01
5.0216445312500000e+03	4.1418120265007019e-01
5.0221337890625000e+03	4.1451141238212585e-01
5.0226230468750000e+03	4.1484257578849792e-01
5.0231123046875000e+03	4.1517394781112671e-01
5.0236020507812500e+03	4.1550442576408386e-01
5.0240913085937500e+03	4.1583299636840820e-01
5.0245805664062500e+03	4.1615831851959229e-01
5.0250703125000000e+03	4.1647905111312866e-01
5.0255595703125000e+03	4.1679358482360840e-01
5.0260493164062500e+03	4.1710031032562256e-01
5.0265390625000000e+03	4.1739743947982788e-01
5.0270288085937500e+03	4.1768303513526917e-01
5.0275180664062500e+03	4.1795521974563599e-01
5.0280083007812500e+03	4.1821196675300598e-01
5.0284980468750000e+03	4.1845116019248962e-01
5.0289877929687500e+03	4.1867071390151978e-01
5.0294775390625000e+03	4.1886848211288452e-01
5.0299677734375000e+03	4.1904234886169434e-01
5.0304575195312500e+03	4.1919022798538208e-01
5.0309477539062500e+03	4.1931000351905823e-01
5.0314379882812500e+03	4.1939970850944519e-01
5.0319277343750000e+03	4.1945743560791016e-01
5.0324179687500000e+03	4.1948133707046509e-01
5.0329082031250000e+03	4.1946974396705627e-01
5.0333989257812500e+03	4.1942098736763000e-01
5.0338891601562500e+03	4.1933375597000122e-01
5.0343793945312500e+03	4.1920676827430725e-01
5.0348701171875000e+03	4.1903889179229736e-01
5.0353603515625000e+03	4.1882926225662231e-01
5.0358510742187500e+03	4.1857719421386719e-01
5.0363413085937500e+03	4.1828218102455139e-01
5.0368320312500000e+03	4.1794389486312866e-01
5.0373227539062500e+03	4.1756230592727661e-01
5.0378134765625000e+03	4.1713750362396240e-01
5.0383041992187500e+03	4.1666984558105469e-01
5.0387949218750000e+03	4.1615995764732361e-01
5.0392861328125000e+03	4.1560846567153931e-01
5.0397768554687500e+03	4.1501635313034058e-01
5.0402680664062500e+03	4.1438475251197815e-01
5.0407587890625000e+03	4.1371497511863708e-01
5.0412500000000000e+03	4.1300848126411438e-01
5.0417412109375000e+03	4.1226682066917419e-01
5.0422324218750000e+03	4.1149181127548218e-01
5.0427236328125000e+03	4.1068521142005920e-01
5.0432148437500000e+03	4.0984907746315002e-01
5.0437060546875000e+03	4.0898540616035461e-01
5.0441972656250000e+03	4.0809628367424011e-01
5.0446889648437500e+03	4.0718382596969604e-01
5.0451801757812500e+03	4.0625032782554626e-01
5.0456718750000000e+03	4.0529790520668030e-01
5.0461630859375000e+03	4.0432876348495483e-01
5.0466547851562500e+03	4.0334510803222656e-01
5.0471464843750000e+03	4.0234902501106262e-01
5.0476381835937500e+03	4.0134271979331970e-01
5.0481298828125000e+03	4.0032809972763062e-01
5.0486215820312500e+03	3.9930725097656250e-01
5.0491132812500000e+03	3.9828199148178101e-01
5.0496054687500000e+03	3.9725416898727417e-01
5.0500971679687500e+03	3.9622539281845093e-01
5.0505893554687500e+03	3.9519733190536499e-01
5.0510810546875000e+03	3.9417147636413574e-01
5.0515732421875000e+03	3.9314919710159302e-01
5.0520654296875000e+03	3.9213171601295471e-01
5.0525576171875000e+03	3.9112016558647156e-01
5.0530498046875000e+03	3.9011564850807190e-01
5.0535419921875000e+03	3.8911902904510498e-01
5.0540341796875000e+03	3.8813114166259766e-01
5.0545268554687500e+03	3.8715267181396484e-01
5.0550190429687500e+03	3.8618421554565430e-01
5.0555117187500000e+03	3.8522624969482422e-01
5.0560039062500000e+03	3.8427922129631042e-01
5.0564965820312500e+03	3.8334339857101440e-01
5.0569892578125000e+03	3.8241910934448242e-01
5.0574819335937500e+03	3.8150644302368164e-01
5.0579746093750000e+03	3.8060557842254639e-01
5.0584672851562500e+03	3.7971654534339905e-01
5.0589599609375000e+03	3.7883928418159485e-01
5.0594531250000000e+03	3.7797382473945618e-01
5.0599458007812500e+03	3.7712007761001587e-01
5.0604389648437500e+03	3.7627798318862915e-01
5.0609316406250000e+03	3.7544727325439453e-01
5.0614248046875000e+03	3.7462794780731201e-01
5.0619179687500000e+03	3.7381979823112488e-01
5.0624111328125000e+03	3.7302264571189880e-01
5.0629042968750000e+03	3.7223634123802185e-01
5.0633974609375000e+03	3.7146067619323730e-01
5.0638906250000000e+03	3.7069553136825562e-01
5.0643837890625000e+03	3.6994075775146484e-01
5.0648774414062500e+03	3.6919614672660828e-01
5.0653706054687500e+03	3.6846166849136353e-01
5.0658642578125000e+03	3.6773711442947388e-01
5.0663574218750000e+03	3.6702239513397217e-01
5.0668510742187500e+03	3.6631736159324646e-01
5.0673447265625000e+03	3.6562201380729675e-01
5.0678383789062500e+03	3.6493617296218872e-01
5.0683320312500000e+03	3.6425977945327759e-01
5.0688256835937500e+03	3.6359286308288574e-01
5.0693198242187500e+03	3.6293530464172363e-01
5.0698134765625000e+03	3.6228701472282410e-01
5.0703076171875000e+03	3.6164802312850952e-01
5.0708012695312500e+03	3.6101821064949036e-01
5.0712954101562500e+03	3.6039751768112183e-01
5.0717895507812500e+03	3.5978603363037109e-01
5.0722836914062500e+03	3.5918349027633667e-01
5.0727778320312500e+03	3.5859000682830811e-01
5.0732719726562500e+03	3.5800540447235107e-01
5.0737661132812500e+03	3.5742959380149841e-01
5.0742602539062500e+03	3.5686254501342773e-01
5.0747543945312500e+03	3.5630404949188232e-01
5.0752490234375000e+03	3.5575410723686218e-01
5.0757436523437500e+03	3.5521247982978821e-01
5.0762377929687500e+03	3.5467904806137085e-01
5.0767324218750000e+03	3.5415360331535339e-01
5.0772270507812500e+03	3.5363599658012390e-01
5.0777216796875000e+03	3.5312598943710327e-01
5.0782163085937500e+03	3.5262343287467957e-01
5.0787109375000000e+03	3.5212802886962891e-01
5.0792055664062500e+03	3.5163947939872742e-01
5.0797006835937500e+03	3.5115760564804077e-01
5.0801953125000000e+03	3.5068216919898987e-01
5.0806904296875000e+03	3.5021278262138367e-01
5.0811850585937500e+03	3.4974923729896545e-01
5.0816801757812500e+03	3.4929120540618896e-01
5.0821752929687500e+03	3.4883838891983032e-01
5.0826704101562500e+03	3.4839051961898804e-01
5.0831655273437500e+03	3.4794732928276062e-01
5.0836606445312500e+03	3.4750846028327942e-01
5.0841557617187500e+03	3.4707373380661011e-01
5.0846513671875000e+03	3.4664279222488403e-01
5.0851464843750000e+03	3.4621542692184448e-01
5.0856420898437500e+03	3.4579145908355713e-01
5.0861372070312500e+03	3.4537056088447571e-01
5.0866328125000000e+03	3.4495255351066589e-01
5.0871284179687500e+03	3.4453731775283813e-01
5.0876240234375000e+03	3.4412470459938049e-01
5.0881196289062500e+03	3.4371453523635864e-01
5.0886152343750000e+03	3.4330669045448303e-01
5.0891108398437500e+03	3.4290114045143127e-01
5.0896069335937500e+03	3.4249788522720337e-01
5.0901025390625000e+03	3.4209686517715454e-01
5.0905986328125000e+03	3.4169805049896240e-01
5.0910942382812500e+03	3.4130162000656128e-01
5.0915903320312500e+03	3.4090754389762878e-01
5.0920864257812500e+03	3.4051597118377686e-01
5.0925825195312500e+03	3.4012702107429504e-01
5.0930786132812500e+03	3.3974084258079529e-01
5.0935747070312500e+03	3.3935767412185669e-01
5.0940708007812500e+03	3.3897766470909119e-01
5.0945673828125000e+03	3.3860111236572266e-01
5.0950634765625000e+03	3.3822822570800781e-01
5.0955600585937500e+03	3.3785930275917053e-01
5.0960561523437500e+03	3.3749461174011230e-01
5.0965527343750000e+03	3.3713442087173462e-01
5.0970493164062500e+03	3.3677908778190613e-01
5.0975458984375000e+03	3.3642891049385071e-01
5.0980424804687500e+03	3.3608418703079224e-01
5.0985390625000000e+03	3.3574524521827698e-01
5.0990356445312500e+03	3.3541241288185120e-01
5.0995322265625000e+03	3.3508595824241638e-01
5.1000292968750000e+03	3.3476620912551880e-01
5.1005258789062500e+03	3.3445346355438232e-01
5.1010229492187500e+03	3.3414793014526367e-01
5.1015200195312500e+03	3.3384990692138672e-01
5.1020166015625000e+03	3.3355963230133057e-01
5.1025136718750000e+03	3.3327731490135193e-01
5.1030107421875000e+03	3.3300313353538513e-01
5.1035078125000000e+03	3.3273726701736450e-01
5.1040053710937500e+03	3.3247986435890198e-01
5.1045024414062500e+03	3.3223098516464233e-01
5.1049995117187500e+03	3.3198869228363037e-01
5.1054970703125000e+03	3.3175727725028992e-01
5.1059946289062500e+03	3.3153456449508667e-01
5.1064916992187500e+03	3.3132055401802063e-01
5.1069892578125000e+03	3.3111521601676941e-01
5.1074868164062500e+03	3.3091849088668823e-01
5.1079843750000000e+03	3.3073022961616516e-01
5.1084819335937500e+03	3.3055034279823303e-01
5.1089794921875000e+03	3.3037871122360229e-01
5.1094775390625000e+03	3.3021509647369385e-01
5.1099750976562500e+03	3.3005937933921814e-01
5.1104731445312500e+03	3.2991129159927368e-01
5.1109707031250000e+03	3.2977056503295898e-01
5.1114687500000000e+03	3.2963708043098450e-01
5.1119667968750000e+03	3.2951042056083679e-01
5.1124648437500000e+03	3.2939037680625916e-01
5.1129628906250000e+03	3.2927662134170532e-01
5.1134609375000000e+03	3.2916894555091858e-01
5.1139589843750000e+03	3.2906693220138550e-01
5.1144570312500000e+03	3.2897037267684937e-01
5.1149555664062500e+03	3.2887887954711914e-01
5.1154536132812500e+03	3.2879227399826050e-01
5.1159521484375000e+03	3.2871022820472717e-01
5.1164501953125000e+03	3.2863238453865051e-01
5.1169487304687500e+03	3.2855853438377380e-01
5.1174472656250000e+03	3.2848846912384033e-01
5.1179458007812500e+03	3.2842186093330383e-01
5.1184443359375000e+03	3.2835850119590759e-01
5.1189428710937500e+03	3.2829824090003967e-01
5.1194418945312500e+03	3.2824081182479858e-01
5.1199404296875000e+03	3.2818609476089478e-01
5.1204389648437500e+03	3.2813403010368347e-01
5.1209379882812500e+03	3.2808431982994080e-01
5.1214370117187500e+03	3.2803693413734436e-01
5.1219360351562500e+03	3.2799178361892700e-01
5.1224345703125000e+03	3.2794883847236633e-01
5.1229335937500000e+03	3.2790803909301758e-01
5.1234326171875000e+03	3.2786929607391357e-01
5.1239321289062500e+03	3.2783272862434387e-01
5.1244311523437500e+03	3.2779827713966370e-01
5.1249301757812500e+03	3.2776591181755066e-01
5.1254296875000000e+03	3.2773575186729431e-01
5.1259287109375000e+03	3.2770779728889465e-01
5.1264282226562500e+03	3.2768213748931885e-01
5.1269277343750000e+03	3.2765880227088928e-01
5.1274272460937500e+03	3.2763788104057312e-01
5.1279267578125000e+03	3.2761946320533752e-01
5.1284262695312500e+03	3.2760360836982727e-01
5.1289257812500000e+03	3.2759037613868713e-01
5.1294252929687500e+03	3.2757982611656189e-01
5.1299252929687500e+03	3.2757201790809631e-01
5.1304248046875000e+03	3.2756707072257996e-01
5.1309248046875000e+03	3.2756492495536804e-01
5.1314243164062500e+03	3.2756575942039490e-01
5.1319243164062500e+03	3.2756948471069336e-01
5.1324243164062500e+03	3.2757610082626343e-01
5.1329243164062500e+03	3.2758569717407227e-01
5.1334243164062500e+03	3.2759821414947510e-01
5.1339243164062500e+03	3.2761356234550476e-01
5.1344248046875000e+03	3.2763180136680603e-01
5.1349248046875000e+03	3.2765281200408936e-01
5.1354252929687500e+03	3.2767653465270996e-01
5.1359252929687500e+03	3.2770290970802307e-01
5.1364257812500000e+03	3.2773178815841675e-01
5.1369262695312500e+03	3.2776305079460144e-01
5.1374262695312500e+03	3.2779669761657715e-01
5.1379267578125000e+03	3.2783246040344238e-01
5.1384277343750000e+03	3.2787027955055237e-01
5.1389282226562500e+03	3.2791003584861755e-01
5.1394287109375000e+03	3.2795155048370361e-01
5.1399291992187500e+03	3.2799470424652100e-01
5.1404301757812500e+03	3.2803931832313538e-01
5.1409306640625000e+03	3.2808533310890198e-01
5.1414316406250000e+03	3.2813256978988647e-01
5.1419326171875000e+03	3.2818096876144409e-01
5.1424335937500000e+03	3.2823035120964050e-01
5.1429345703125000e+03	3.2828068733215332e-01
5.1434355468750000e+03	3.2833188772201538e-01
5.1439365234375000e+03	3.2838389277458191e-01
5.1444375000000000e+03	3.2843667268753052e-01
5.1449389648437500e+03	3.2849022746086121e-01
5.1454399414062500e+03	3.2854452729225159e-01
5.1459414062500000e+03	3.2859969139099121e-01
5.1464423828125000e+03	3.2865566015243530e-01
5.1469438476562500e+03	3.2871261239051819e-01
5.1474453125000000e+03	3.2877063751220703e-01
5.1479467773437500e+03	3.2882985472679138e-01
5.1484482421875000e+03	3.2889050245285034e-01
5.1489497070312500e+03	3.2895272970199585e-01
5.1494516601562500e+03	3.2901674509048462e-01
5.1499531250000000e+03	3.2908287644386292e-01
5.1504545898437500e+03	3.2915139198303223e-01
5.1509565429687500e+03	3.2922258973121643e-01
5.1514584960937500e+03	3.2929679751396179e-01
5.1519599609375000e+03	3.2937434315681458e-01
5.1524619140625000e+03	3.2945567369461060e-01
5.1529638671875000e+03	3.2954117655754089e-01
5.1534658203125000e+03	3.2963126897811890e-01
5.1539682617187500e+03	3.2972633838653564e-01
5.1544702148437500e+03	3.2982695102691650e-01
5.1549721679687500e+03	3.2993352413177490e-01
5.1554746093750000e+03	3.3004644513130188e-01
5.1559765625000000e+03	3.3016631007194519e-01
5.1564790039062500e+03	3.3029353618621826e-01
5.1569814453125000e+03	3.3042863011360168e-01
5.1574838867187500e+03	3.3057203888893127e-01
5.1579863281250000e+03	3.3072429895401001e-01
5.1584887695312500e+03	3.3088582754135132e-01
5.1589912109375000e+03	3.3105710148811340e-01
5.1594936523437500e+03	3.3123847842216492e-01
5.1599965820312500e+03	3.3143046498298645e-01
5.1604990234375000e+03	3.3163341879844666e-01
5.1610019531250000e+03	3.3184772729873657e-01
5.1615043945312500e+03	3.3207362890243530e-01
5.1620073242187500e+03	3.3231145143508911e-01
5.1625102539062500e+03	3.3256155252456665e-01
5.1630131835937500e+03	3.3282402157783508e-01
5.1635161132812500e+03	3.3309903740882874e-01
5.1640190429687500e+03	3.3338671922683716e-01
5.1645224609375000e+03	3.3368712663650513e-01
5.1650253906250000e+03	3.3400028944015503e-01
5.1655283203125000e+03	3.3432605862617493e-01
5.1660317382812500e+03	3.3466440439224243e-01
5.1665351562500000e+03	3.3501502871513367e-01
5.1670380859375000e+03	3.3537772297859192e-01
5.1675415039062500e+03	3.3575209975242615e-01
5.1680449218750000e+03	3.3613777160644531e-01
5.1685483398437500e+03	3.3653420209884644e-01
5.1690522460937500e+03	3.3694082498550415e-01
5.1695556640625000e+03	3.3735698461532593e-01
5.1700590820312500e+03	3.3778190612792969e-01
5.1705629882812500e+03	3.3821484446525574e-01
5.1710664062500000e+03	3.3865481615066528e-01
5.1715703125000000e+03	3.3910083770751953e-01
5.1720742187500000e+03	3.3955189585685730e-01
5.1725781250000000e+03	3.4000685811042786e-01
5.1730820312500000e+03	3.4046444296836853e-01
5.1735859375000000e+03	3.4092354774475098e-01
5.1740898437500000e+03	3.4138271212577820e-01
5.1745937500000000e+03	3.4184065461158752e-01
5.1750981445312500e+03	3.4229588508605957e-01
5.1756020507812500e+03	3.4274703264236450e-01
5.1761064453125000e+03	3.4319248795509338e-01
5.1766108398437500e+03	3.4363090991973877e-01
5.1771147460937500e+03	3.4406062960624695e-01
5.1776191406250000e+03	3.4448024630546570e-01
5.1781235351562500e+03	3.4488824009895325e-01
5.1786279296875000e+03	3.4528306126594543e-01
5.1791328125000000e+03	3.4566333889961243e-01
5.1796372070312500e+03	3.4602767229080200e-01
5.1801416015625000e+03	3.4637466073036194e-01
5.1806464843750000e+03	3.4670311212539673e-01
5.1811508789062500e+03	3.4701174497604370e-01
5.1816557617187500e+03	3.4729948639869690e-01
5.1821606445312500e+03	3.4756532311439514e-01
5.1826655273437500e+03	3.4780833125114441e-01
5.1831704101562500e+03	3.4802773594856262e-01
5.1836752929687500e+03	3.4822288155555725e-01
5.1841801757812500e+03	3.4839320182800293e-01
5.1846850585937500e+03	3.4853833913803101e-01
5.1851904296875000e+03	3.4865799546241760e-01
5.1856953125000000e+03	3.4875205159187317e-01
5.1862006835937500e+03	3.4882047772407532e-01
5.1867060546875000e+03	3.4886351227760315e-01
5.1872109375000000e+03	3.4888139367103577e-01
5.1877163085937500e+03	3.4887456893920898e-01
5.1882216796875000e+03	3.4884360432624817e-01
5.1887270507812500e+03	3.4878921508789062e-01
5.1892329101562500e+03	3.4871217608451843e-01
5.1897382812500000e+03	3.4861335158348083e-01
5.1902436523437500e+03	3.4849387407302856e-01
5.1907495117187500e+03	3.4835475683212280e-01
5.1912553710937500e+03	3.4819722175598145e-01
5.1917607421875000e+03	3.4802246093750000e-01
5.1922666015625000e+03	3.4783187508583069e-01
5.1927724609375000e+03	3.4762671589851379e-01
5.1932783203125000e+03	3.4740835428237915e-01
5.1937841796875000e+03	3.4717819094657898e-01
5.1942900390625000e+03	3.4693756699562073e-01
5.1947963867187500e+03	3.4668782353401184e-01
5.1953022460937500e+03	3.4643036127090454e-01
5.1958085937500000e+03	3.4616637229919434e-01
5.1963144531250000e+03	3.4589710831642151e-01
5.1968208007812500e+03	3.4562376141548157e-01
5.1973271484375000e+03	3.4534743428230286e-01
5.1978334960937500e+03	3.4506905078887939e-01
5.1983398437500000e+03	3.4478962421417236e-01
5.1988461914062500e+03	3.4450992941856384e-01
5.1993525390625000e+03	3.4423071146011353e-01
5.1998593750000000e+03	3.4395253658294678e-01
5.2003657226562500e+03	3.4367597103118896e-01
5.2008725585937500e+03	3.4340137243270874e-01
5.2013789062500000e+03	3.4312909841537476e-01
5.2018857421875000e+03	3.4285926818847656e-01
5.2023925781250000e+03	3.4258988499641418e-01
5.2028994140625000e+03	3.4232529997825623e-01
5.2034062500000000e+03	3.4206309914588928e-01
5.2039130859375000e+03	3.4180319309234619e-01
5.2044199218750000e+03	3.4154522418975830e-01
5.2049267578125000e+03	3.4128895401954651e-01
5.2054340820312500e+03	3.4103387594223022e-01
5.2059409179687500e+03	3.4077957272529602e-01
5.2064482421875000e+03	3.4052559733390808e-01
5.2069555664062500e+03	3.4027138352394104e-01
5.2074628906250000e+03	3.4001642465591431e-01
5.2079702148437500e+03	3.3976012468338013e-01
5.2084775390625000e+03	3.3950194716453552e-01
5.2089848632812500e+03	3.3924138545989990e-01
5.2094921875000000e+03	3.3897787332534790e-01
5.2099995117187500e+03	3.3871090412139893e-01
5.2105073242187500e+03	3.3844006061553955e-01
5.2110151367187500e+03	3.3816492557525635e-01
5.2115224609375000e+03	3.3788514137268066e-01
5.2120302734375000e+03	3.3760043978691101e-01
5.2125380859375000e+03	3.3731058239936829e-01
5.2130458984375000e+03	3.3701542019844055e-01
5.2135537109375000e+03	3.3671489357948303e-01
5.2140615234375000e+03	3.3640900254249573e-01
5.2145693359375000e+03	3.3609783649444580e-01
5.2150776367187500e+03	3.3578157424926758e-01
5.2155854492187500e+03	3.3546051383018494e-01
5.2160937500000000e+03	3.3513495326042175e-01
5.2166015625000000e+03	3.3480533957481384e-01
5.2171098632812500e+03	3.3447220921516418e-01
5.2176181640625000e+03	3.3413615822792053e-01
5.2181264648437500e+03	3.3379784226417542e-01
5.2186347656250000e+03	3.3345794677734375e-01
5.2191430664062500e+03	3.3311736583709717e-01
5.2196518554687500e+03	3.3277690410614014e-01
5.2201601562500000e+03	3.3243745565414429e-01
5.2206684570312500e+03	3.3210003376007080e-01
5.2211772460937500e+03	3.3176562190055847e-01
5.2216860351562500e+03	3.3143529295921326e-01
5.2221943359375000e+03	3.3111000061035156e-01
5.2227031250000000e+03	3.3079090714454651e-01
5.2232119140625000e+03	3.3047908544540405e-01
5.2237207031250000e+03	3.3017557859420776e-01
5.2242299804687500e+03	3.2988148927688599e-01
5.2247387695312500e+03	3.2959789037704468e-01
5.2252475585937500e+03	3.2932579517364502e-01
5.2257568359375000e+03	3.2906624674797058e-01
5.2262656250000000e+03	3.2882013916969299e-01
5.2267749023437500e+03	3.2858842611312866e-01
5.2272841796875000e+03	3.2837203145027161e-01
5.2277934570312500e+03	3.2817175984382629e-01
5.2283027343750000e+03	3.2798823714256287e-01
5.2288120117187500e+03	3.2782223820686340e-01
5.2293212890625000e+03	3.2767438888549805e-01
5.2298310546875000e+03	3.2754513621330261e-01
5.2303403320312500e+03	3.2743495702743530e-01
5.2308496093750000e+03	3.2734411954879761e-01
5.2313593750000000e+03	3.2727295160293579e-01
5.2318691406250000e+03	3.2722157239913940e-01
5.2323789062500000e+03	3.2719010114669800e-01
5.2328886718750000e+03	3.2717838883399963e-01
5.2333984375000000e+03	3.2718634605407715e-01
5.2339082031250000e+03	3.2721373438835144e-01
5.2344179687500000e+03	3.2726016640663147e-01
5.2349277343750000e+03	3.2732522487640381e-01
5.2354379882812500e+03	3.2740834355354309e-01
5.2359477539062500e+03	3.2750886678695679e-01
5.2364580078125000e+03	3.2762607932090759e-01
5.2369682617187500e+03	3.2775914669036865e-01
5.2374780273437500e+03	3.2790708541870117e-01
5.2379882812500000e+03	3.2806900143623352e-01
5.2384985351562500e+03	3.2824367284774780e-01
5.2390092773437500e+03	3.2843005657196045e-01
5.2395195312500000e+03	3.2862687110900879e-01
5.2400297851562500e+03	3.2883283495903015e-01
5.2405405273437500e+03	3.2904663681983948e-01
5.2410507812500000e+03	3.2926687598228455e-01
5.2415615234375000e+03	3.2949212193489075e-01
5.2420722656250000e+03	3.2972097396850586e-01
5.2425825195312500e+03	3.2995194196701050e-01
5.2430932617187500e+03	3.3018362522125244e-01
5.2436040039062500e+03	3.3041444420814514e-01
5.2441152343750000e+03	3.3064308762550354e-01
5.2446259765625000e+03	3.3086806535720825e-01
5.2451367187500000e+03	3.3108797669410706e-01
5.2456479492187500e+03	3.3130151033401489e-01
5.2461586914062500e+03	3.3150735497474670e-01
5.2466699218750000e+03	3.3170431852340698e-01
5.2471811523437500e+03	3.3189123868942261e-01
5.2476923828125000e+03	3.3206707239151001e-01
5.2482036132812500e+03	3.3223083615303040e-01
5.2487148437500000e+03	3.3238163590431213e-01
5.2492260742187500e+03	3.3251872658729553e-01
5.2497373046875000e+03	3.3264145255088806e-01
5.2502490234375000e+03	3.3274924755096436e-01
5.2507602539062500e+03	3.3284178376197815e-01
5.2512719726562500e+03	3.3291867375373840e-01
5.2517832031250000e+03	3.3297985792160034e-01
5.2522949218750000e+03	3.3302521705627441e-01
5.2528066406250000e+03	3.3305490016937256e-01
5.2533183593750000e+03	3.3306911587715149e-01
5.2538300781250000e+03	3.3306819200515747e-01
5.2543417968750000e+03	3.3305263519287109e-01
5.2548540039062500e+03	3.3302298188209534e-01
5.2553657226562500e+03	3.3298000693321228e-01
5.2558779296875000e+03	3.3292445540428162e-01
5.2563896484375000e+03	3.3285722136497498e-01
5.2569018554687500e+03	3.3277928829193115e-01
5.2574140625000000e+03	3.3269175887107849e-01
5.2579262695312500e+03	3.3259573578834534e-01
5.2584384765625000e+03	3.3249238133430481e-01
5.2589506835937500e+03	3.3238300681114197e-01
5.2594628906250000e+03	3.3226883411407471e-01
5.2599750976562500e+03	3.3215120434761047e-01
5.2604877929687500e+03	3.3203142881393433e-01
5.2610000000000000e+03	3.3191084861755371e-01
5.2615126953125000e+03	3.3179077506065369e-01
5.2620253906250000e+03	3.3167251944541931e-01
5.2625380859375000e+03	3.3155736327171326e-01
5.2630502929687500e+03	3.3144655823707581e-01
5.2635634765625000e+03	3.3134132623672485e-01
5.2640761718750000e+03	3.3124279975891113e-01
5.2645888671875000e+03	3.3115208148956299e-01
5.2651015625000000e+03	3.3107024431228638e-01
5.2656147460937500e+03	3.3099815249443054e-01
5.2661274414062500e+03	3.3093672990798950e-01
5.2666406250000000e+03	3.3088681101799011e-01
5.2671538085937500e+03	3.3084905147552490e-01
5.2676669921875000e+03	3.3082410693168640e-01
5.2681801757812500e+03	3.3081251382827759e-01
5.2686933593750000e+03	3.3081471920013428e-01
5.2692065429687500e+03	3.3083102107048035e-01
5.2697197265625000e+03	3.3086171746253967e-01
5.2702329101562500e+03	3.3090695738792419e-01
5.2707465820312500e+03	3.3096680045127869e-01
5.2712597656250000e+03	3.3104118704795837e-01
5.2717734375000000e+03	3.3113005757331848e-01
5.2722871093750000e+03	3.3123320341110229e-01
5.2728007812500000e+03	3.3135029673576355e-01
5.2733144531250000e+03	3.3148097991943359e-01
5.2738281250000000e+03	3.3162480592727661e-01
5.2743417968750000e+03	3.3178120851516724e-01
5.2748554687500000e+03	3.3194962143898010e-01
5.2753696289062500e+03	3.3212932944297791e-01
5.2758833007812500e+03	3.3231961727142334e-01
5.2763974609375000e+03	3.3251959085464478e-01
5.2769116210937500e+03	3.3272844552993774e-01
5.2774252929687500e+03	3.3294522762298584e-01
5.2779394531250000e+03	3.3316892385482788e-01
5.2784536132812500e+03	3.3339843153953552e-01
5.2789677734375000e+03	3.3363279700279236e-01
5.2794824218750000e+03	3.3387073874473572e-01
5.2799965820312500e+03	3.3411112427711487e-01
5.2805107421875000e+03	3.3435270190238953e-01
5.2810253906250000e+03	3.3459427952766418e-01
5.2815400390625000e+03	3.3483451604843140e-01
5.2820541992187500e+03	3.3507218956947327e-01
5.2825688476562500e+03	3.3530589938163757e-01
5.2830834960937500e+03	3.3553433418273926e-01
5.2835981445312500e+03	3.3575618267059326e-01
5.2841127929687500e+03	3.3597007393836975e-01
5.2846279296875000e+03	3.3617472648620605e-01
5.2851425781250000e+03	3.3636879920959473e-01
5.2856572265625000e+03	3.3655107021331787e-01
5.2861723632812500e+03	3.3672013878822327e-01
5.2866875000000000e+03	3.3687493205070496e-01
5.2872021484375000e+03	3.3701422810554504e-01
5.2877172851562500e+03	3.3713683485984802e-01
5.2882324218750000e+03	3.3724179863929749e-01
5.2887475585937500e+03	3.3732804656028748e-01
5.2892626953125000e+03	3.3739474415779114e-01
5.2897783203125000e+03	3.3744096755981445e-01
5.2902934570312500e+03	3.3746606111526489e-01
5.2908085937500000e+03	3.3746933937072754e-01
5.2913242187500000e+03	3.3745032548904419e-01
5.2918398437500000e+03	3.3740857243537903e-01
5.2923554687500000e+03	3.3734375238418579e-01
5.2928706054687500e+03	3.3725568652153015e-01
5.2933862304687500e+03	3.3714434504508972e-01
5.2939023437500000e+03	3.3700978755950928e-01
5.2944179687500000e+03	3.3685219287872314e-01
5.2949335937500000e+03	3.3667194843292236e-01
5.2954492187500000e+03	3.3646944165229797e-01
5.2959653320312500e+03	3.3624535799026489e-01
5.2964814453125000e+03	3.3600035309791565e-01
5.2969970703125000e+03	3.3573532104492188e-01
5.2975131835937500e+03	3.3545121550559998e-01
5.2980292968750000e+03	3.3514910936355591e-01
5.2985454101562500e+03	3.3483025431632996e-01
5.2990615234375000e+03	3.3449593186378479e-01
5.2995776367187500e+03	3.3414760231971741e-01
5.3000942382812500e+03	3.3378669619560242e-01
5.3006103515625000e+03	3.3341485261917114e-01
5.3011269531250000e+03	3.3303374052047729e-01
5.3016430664062500e+03	3.3264508843421936e-01
5.3021596679687500e+03	3.3225062489509583e-01
5.3026762695312500e+03	3.3185219764709473e-01
5.3031928710937500e+03	3.3145168423652649e-01
5.3037094726562500e+03	3.3105102181434631e-01
5.3042260742187500e+03	3.3065199851989746e-01
5.3047426757812500e+03	3.3025652170181274e-01
5.3052597656250000e+03	3.2986649870872498e-01
5.3057763671875000e+03	3.2948380708694458e-01
5.3062934570312500e+03	3.2911023497581482e-01
5.3068100585937500e+03	3.2874754071235657e-01
5.3073271484375000e+03	3.2839751243591309e-01
5.3078442382812500e+03	3.2806172966957092e-01
5.3083613281250000e+03	3.2774180173873901e-01
5.3088784179687500e+03	3.2743927836418152e-01
5.3093955078125000e+03	3.2715550065040588e-01
5.3099130859375000e+03	3.2689180970191956e-01
5.3104301757812500e+03	3.2664945721626282e-01
5.3109472656250000e+03	3.2642939686775208e-01
5.3114648437500000e+03	3.2623270153999329e-01
5.3119824218750000e+03	3.2606017589569092e-01
5.3125000000000000e+03	3.2591250538825989e-01
5.3130175781250000e+03	3.2579025626182556e-01
5.3135351562500000e+03	3.2569381594657898e-01
5.3140527343750000e+03	3.2562354207038879e-01
5.3145703125000000e+03	3.2557952404022217e-01
5.3150878906250000e+03	3.2556176185607910e-01
